# Time_s,Displacement_m,Velocity_ms,Voltage_V,Current_A,Power_W,Energy_J
0.000000000000000000e+00,0.000000000000000000e+00,0.000000000000000000e+00,0.000000000000000000e+00,0.000000000000000000e+00,0.000000000000000000e+00,0.000000000000000000e+00
3.334444814938312572e-04,-1.162072269739843715e-09,-1.045120112052816890e-05,5.794999780474888390e-04,-5.225600560264084452e-06,1.061956793949456447e-11,3.541036325273279087e-15
6.668889629876625143e-04,-9.258844353383638121e-09,-4.147542568489866530e-05,4.605072535600356586e-03,-2.073771284244933265e-05,6.706145170380617480e-10,2.271537462412658665e-13
1.000333444481493663e-03,-3.099822767708348274e-08,-9.209512344723048386e-05,1.537671248442127464e-02,-4.604756172361524193e-05,7.476993238347304928e-09,2.720315879734865338e-12
1.333777925975325029e-03,-7.267931294848079166e-08,-1.607208363503736062e-04,3.595650980490272541e-02,-8.036041817518680308e-05,4.088415807488661442e-08,1.635291277032726563e-11
1.667222407469156394e-03,-1.399286048924992949e-07,-2.452004984632639344e-04,6.903982465521087131e-02,-1.226002492316319672e-04,1.507298820865864566e-07,6.661296014831541540e-11
2.000666888962987326e-03,-2.376259983476943516e-07,-3.428746580008114548e-04,1.169217209519981121e-01,-1.714373290004057274e-04,4.323051388741431134e-07,2.107627230273227896e-10
2.334111370456818692e-03,-3.697196880105064224e-07,-4.506789079022966750e-04,1.814107689677013913e-01,-2.253394539511483375e-04,1.040701375213851526e-06,5.577788534754226666e-10
2.667555851950650057e-03,-5.389751337649057443e-07,-5.652204031009076465e-04,2.637082567279379619e-01,-2.826102015504538233e-04,2.199112542912667214e-06,1.291060795093517536e-09
3.001000333444481423e-03,-7.469003311935839083e-07,-6.829050108389546608e-04,3.643787271260656713e-01,-3.414525054194773304e-04,4.198614766008315651e-06,2.691065718737503859e-09
3.334444814938312789e-03,-9.940328596768987658e-07,-7.999106582919121144e-04,4.834918413096433998e-01,-3.999553291459560572e-04,7.392278153100013614e-06,5.155980074556114036e-09
3.667889296432143720e-03,-1.279688195439886083e-06,-9.124380163815979088e-04,6.205119507523856326e-01,-4.562190081907989544e-04,1.217587835111320987e-05,9.215959518075022937e-09
4.001333777925974652e-03,-1.601793775899847391e-06,-1.016849109873009787e-03,7.742237015373252262e-01,-5.084245549365048935e-04,1.895539874857922054e-05,1.553653262530383742e-08
4.334778259419806018e-03,-1.956888999666346702e-06,-1.109667317374325550e-03,9.427320343568139638e-01,-5.548336586871627750e-04,2.810454312083445678e-05,2.490783743385150453e-08
4.668222740913637384e-03,-2.340330851112690596e-06,-1.187847557685725629e-03,1.123581709467493361e+00,-5.939237788428628146e-04,3.992172710674226006e-05,3.821951702929740290e-08
5.001667222407468749e-03,-2.746748014148312290e-06,-1.248652079689868688e-03,1.313976529679437011e+00,-6.243260398449343440e-04,5.459780911384249416e-05,5.642485517996179204e-08
5.335111703901300115e-03,-3.169939882858170124e-06,-1.289307472666456058e-03,1.510707122209131281e+00,-6.446537363332280291e-04,7.217063946787881780e-05,8.048975663640687891e-08
5.668556185395131480e-03,-3.603157067240325568e-06,-1.307758834904471090e-03,1.710337690129045018e+00,-6.538794174522355451e-04,9.250468581940393307e-05,1.113349336352077742e-07
6.002000666888962846e-03,-4.039108500725952896e-06,-1.302684406660186995e-03,1.909210470579321584e+00,-6.513422033300934975e-04,1.152676966631585370e-04,1.497703109820428886e-07
6.335445148382794212e-03,-4.469961440179339183e-06,-1.273495570157168145e-03,2.103445734767777964e+00,-6.367477850785840726e-04,1.399144678167561881e-04,1.964240181566864822e-07
6.668889629876625577e-03,-4.887341465897885154e-06,-1.220336849586268991e-03,2.288941787969906549e+00,-6.101684247931344956e-04,1.656797748884550076e-04,2.516690247883820397e-07
7.002334111370456075e-03,-5.282579064086567096e-06,-1.144075968290998420e-03,2.461497489729691956e+00,-5.720379841454992101e-04,1.916014513293231008e-04,3.155574713803537252e-07
7.335778592864287441e-03,-5.649313921034086568e-06,-1.045954238400533887e-03,2.618090744079323073e+00,-5.229771192002669435e-04,2.167551328768787785e-04,3.878332742736111410e-07
7.669223074358118807e-03,-5.979919859414886326e-06,-9.274150986507826485e-04,2.755081528675652702e+00,-4.637075493253913243e-04,2.400318708650526307e-04,4.678705769962029055e-07
8.002667555851949305e-03,-6.267226704959217583e-06,-7.904135079207752186e-04,2.869090816742227990e+00,-3.952067539603876093e-04,2.603086445696953634e-04,5.546690580131069354e-07
8.336112037345780670e-03,-6.505350417607704244e-06,-6.374335671288159895e-04,2.957416242427663100e+00,-3.187167835644079948e-04,2.765826334968084395e-04,6.468940108296486337e-07
8.669556518839612036e-03,-6.689693091511332733e-06,-4.714885192324850746e-04,3.018032100805638773e+00,-2.357442596162425373e-04,2.880366223441715090e-04,7.429382330184353578e-07
9.003001000333443402e-03,-6.816942955031460472e-06,-2.961207492286375498e-04,3.049589347874903655e+00,-1.480603746143187749e-04,2.940916703113568903e-04,8.410014775370605365e-07
9.336445481827274767e-03,-6.885074370739810792e-06,-1.154017841534030198e-04,3.051415600559273411e+00,-5.770089207670150988e-05,2.944440105503173355e-04,9.391822079639752508e-07
9.669889963321106133e-03,-6.893544175281767194e-06,6.651531881111602540e-05,3.023584502317680389e+00,3.325765940555801270e-05,2.890974236009647303e-04,1.035580148477801618e-06
1.000333444481493750e-02,-6.842768893230240995e-06,2.466714962806395867e-04,2.966572244565147454e+00,1.233357481403197934e-04,2.782978545203301421e-04,1.128377032279178648e-06
1.033677892630876886e-02,-6.732908595874364472e-06,4.212631464853244757e-04,2.880779850738890868e+00,2.106315732426622379e-04,2.624340251001647598e-04,1.215884209705042354e-06
1.067022340780260023e-02,-6.565514019679013162e-06,5.867361796136642479e-04,2.767285749189587918e+00,2.933680898068321240e-04,2.421631254625511204e-04,1.296632167511828245e-06
1.100366788929643160e-02,-6.343637603593971536e-06,7.399194203763798799e-04,2.627892691407559322e+00,3.699597101881899400e-04,2.183812030340674453e-04,1.369450174525521971e-06
1.133711237079026296e-02,-6.071833489053930454e-06,8.780246080064205280e-04,2.465127752022767460e+00,4.390123040032102640e-04,1.921670228498927459e-04,1.433527207819917761e-06
1.167055685228409433e-02,-5.756157519978492250e-06,9.986463962589633113e-04,2.282242328804817255e+00,4.993231981294816556e-04,1.647113443893821673e-04,1.488449296645987035e-06
1.200400133377792569e-02,-5.404167242772168190e-06,1.099762353411411903e-03,2.083212142662956623e+00,5.498811767057059513e-04,1.372356667474705584e-04,1.534209772387057785e-06
1.233744581527175706e-02,-5.023430988208213630e-06,1.180082512745853421e-03,1.871968994377347428e+00,5.900412563729267104e-04,1.108146814572743308e-04,1.571160316387482557e-06
1.267089029676558842e-02,-4.619664369744314773e-06,1.238995728041748746e-03,1.651471503468243673e+00,6.194978640208743731e-04,8.624663675556053829e-05,1.599918781461027295e-06
1.300433477825941979e-02,-4.200109778375143616e-06,1.275830308308879444e-03,1.425442423396757530e+00,6.379151541544397222e-04,6.425388029686901893e-05,1.621343883260583428e-06
1.333777925975325115e-02,-3.771900444871901586e-06,1.290595064789015582e-03,1.197502738477350892e+00,6.452975323945077911e-04,4.534746669223217323e-05,1.636464745778833492e-06
1.367122374124708079e-02,-3.342009139525354980e-06,1.283995561955099873e-03,9.711449603975692568e-01,6.419977809775499365e-04,2.982415320403517634e-05,1.646409445079945387e-06
1.400466822274091215e-02,-2.917248172145829467e-06,1.257434117511246592e-03,7.497331282180363932e-01,6.287170587556232962e-04,1.777515525052512121e-05,1.652336472505929178e-06
1.433811270423474352e-02,-2.504269392063220668e-06,1.213009802392742663e-03,5.365028083724618924e-01,6.065049011963713314e-04,9.102150232317438047e-06,1.655371534270623359e-06
1.467155718572857488e-02,-2.109158744159859170e-06,1.153322616569155135e-03,3.343706015075140758e-01,5.766613082845775673e-04,3.535543401541269368e-06,1.656550441706949215e-06
1.500500166722240625e-02,-1.736028597421780328e-06,1.080587721992263541e-03,1.452855315966356531e-01,5.402938609961317707e-04,6.674899537503959559e-07,1.656773012548479985e-06
1.533844614871623761e-02,-1.389064237029444708e-06,9.975206667842330833e-04,-2.880327279192684831e-02,4.987603333921165416e-04,2.623515746185231802e-08,1.656781760516956776e-06
1.567189063021006898e-02,-1.071413676028314277e-06,9.070208782689021844e-04,-1.864819929240895124e-01,4.535104391344510922e-04,1.099698932923192615e-06,1.657148449057444581e-06
1.600533511170389861e-02,-7.850216824682025285e-07,8.121036111307783616e-04,-3.269508571514351258e-01,4.060518055653891808e-04,3.380375617818654618e-06,1.658275616652582693e-06
1.633877959319773171e-02,-5.306297794032615599e-07,7.158999474150356222e-04,-4.500241409112166746e-01,3.579499737075178111e-04,6.404299342648333605e-06,1.660411094926223356e-06
1.667222407469156134e-02,-3.078058379207742472e-07,6.216034438499967729e-04,-5.561120021279993830e-01,3.108017219249983865e-04,9.779677566148477973e-06,1.663672074441444747e-06
1.700566855618539444e-02,-1.154668884060479030e-07,5.318966575718720802e-04,-6.459229754258359879e-01,2.659483287859360401e-04,1.319354386359450569e-05,1.668071388834107158e-06
1.733911303767922407e-02,4.815910572349140357e-08,4.494487099757526376e-04,-7.205145908579507763e-01,2.247243549878763188e-04,1.641668858425157892e-05,1.673545443046928524e-06
1.767255751917305717e-02,1.856768537965277327e-07,3.766107564851414432e-04,-7.813457704652175817e-01,1.883053782425707216e-04,1.930574347451126700e-05,1.679982836669639687e-06
1.800600200066688680e-02,3.004882023186063629e-07,3.152825409529261790e-04,-8.302506153443200976e-01,1.576412704764630895e-04,2.179808854112193079e-05,1.687251289000790852e-06
1.833944648216071990e-02,3.967921349721458613e-07,2.669123956613730854e-04,-8.694384056477582057e-01,1.334561978306865427e-04,2.390438862269500219e-05,1.695222075470512209e-06
1.867289096365454953e-02,4.795058243806218543e-07,2.324711726763564398e-04,-9.014524350998535107e-01,1.162355863381782199e-04,2.569718981299658688e-05,1.703790661603555657e-06
1.900633544514838263e-02,5.532005584437826531e-07,2.122990864630396849e-04,-9.286279856949245515e-01,1.061495432315198424e-04,2.726989937277981183e-05,1.712883659060301183e-06
1.933977992664221227e-02,6.227724287139740541e-07,2.066622547936823628e-04,-9.534634173054851169e-01,1.033311273968411814e-04,2.874802866271546742e-05,1.722469530571710215e-06
1.967322440813604537e-02,6.930211499245190251e-07,2.153912763746697843e-04,-9.783858833556207113e-01,1.076956381873348922e-04,3.027055305126460501e-05,1.732563079438420597e-06
2.000666888962987500e-02,7.684125577596836748e-07,2.377670175057811693e-04,-1.005625157738468722e+00,1.188835087528905847e-04,3.197954343524259986e-05,1.743226481717594580e-06
2.034011337112370810e-02,8.530786088546827592e-07,2.725206120801901884e-04,-1.037213634816219532e+00,1.362603060400950942e-04,3.402016647049870473e-05,1.754570318486683965e-06
2.067355785261753773e-02,9.508173807956734341e-07,3.178334615844634727e-04,-1.074986329420115405e+00,1.589167307922317363e-04,3.654314176758918298e-05,1.766755427445533144e-06
2.100700233411137083e-02,1.065093072119762455e-06,3.713372350985629173e-04,-1.120580876850451935e+00,1.856686175492814586e-04,3.970876806232335695e-05,1.779996097022833289e-06
2.134044681560520046e-02,1.198451019106525330e-06,4.304626284304404436e-04,-1.175166602777776736e+00,2.152313142152202218e-04,4.367157766313053497e-05,1.794558143592733365e-06
2.167389129709903009e-02,1.351895338740153435e-06,4.929926417424136979e-04,-1.239167823681154745e+00,2.464963208712068489e-04,4.855794020202919010e-05,1.810749520785807650e-06
2.200733577859286319e-02,1.526444045475222235e-06,5.562330762060902108e-04,-1.312989490364753209e+00,2.781165381030451054e-04,5.451581382377729138e-05,1.828927518059491203e-06
2.234078026008669282e-02,1.722120003602825754e-06,6.175225482028263557e-04,-1.396543632730893547e+00,3.087612741014131778e-04,6.167498011598870076e-05,1.849492699825409384e-06
2.267422474158052592e-02,1.937909581583761590e-06,6.742551211558790725e-04,-1.489230078254410339e+00,3.371275605779395362e-04,7.013319082991426295e-05,1.872878225277198089e-06
2.300766922307435555e-02,2.171762652048512698e-06,7.238803055304009887e-04,-1.589936451982643550e+00,3.619401527652004943e-04,7.993915123849549035e-05,1.899533494112975281e-06
2.334111370456818865e-02,2.420592591797268147e-06,7.639030588334442141e-04,-1.697038176535446086e+00,3.819515294167221070e-04,9.107165410849490353e-05,1.929900834595967932e-06
2.367455818606201828e-02,2.680465351136317450e-06,7.920729729774276867e-04,-1.808504598914383310e+00,3.960364864887138433e-04,1.034282639216545772e-04,1.964388418431131202e-06
2.400800266755585138e-02,2.947457842877033912e-06,8.069987533936449561e-04,-1.922365748491671633e+00,4.034993766968224781e-04,1.168616569481496526e-04,2.003355293038716697e-06
2.434144714904968101e-02,3.216666408157558038e-06,8.068584161882248664e-04,-2.036136734899227640e+00,4.034292080941124332e-04,1.311033770192506528e-04,2.047070990610990981e-06
2.467489163054351411e-02,3.482913941669129982e-06,7.902767271508576684e-04,-2.147224561577028457e+00,3.951383635754288342e-04,1.457991300357276872e-04,2.095686905928005846e-06
2.500833611203734375e-02,3.740873743240834957e-06,7.564642730300216462e-04,-2.252998555931821301e+00,3.782321365150108231e-04,1.605172928667052742e-04,2.149210511418738163e-06
2.534178059353117685e-02,3.985069517839625258e-06,7.052174615329810572e-04,-2.350790369337130148e+00,3.526087307664905286e-04,1.747542738000416678e-04,2.207481359634823954e-06
2.567522507502500648e-02,4.209875375570297390e-06,6.369185213257898184e-04,-2.437893977133248846e+00,3.184592606628949092e-04,1.879445033750170452e-04,2.270150417112321982e-06
2.600866955651883958e-02,4.409515831675514942e-06,5.525355020332865189e-04,-2.511565678627247777e+00,2.762677510166432595e-04,1.994752781361543365e-04,2.336664347801269828e-06
2.634211403801266921e-02,4.578106767764387872e-06,4.536156389453475176e-04,-2.569044127138929490e+00,2.268078194726737588e-04,2.087099374706900357e-04,2.406257524683793836e-06
2.667555851950650231e-02,4.712038284638621670e-06,3.417311978809026477e-04,-2.608704722505687190e+00,1.708655989404513238e-04,2.152037569294631655e-04,2.478016029828663183e-06
2.700900300100033194e-02,4.807201222702879684e-06,2.185439799914750932e-04,-2.628678068958881120e+00,1.092719899957375466e-04,2.185117542732621307e-04,2.550877568432618638e-06
2.734244748249416157e-02,4.859233559088827785e-06,8.611315973134481662e-05,-2.626992054085835804e+00,4.305657986567240831e-05,2.182315404860009171e-04,2.623645671295573349e-06
2.767589196398799467e-02,4.864997939856377675e-06,-5.325763663407496106e-05,-2.602299837906379310e+00,-2.662881831703748053e-05,2.141483188420268877e-04,2.695052246434628729e-06
2.800933644548182430e-02,4.822581679993688581e-06,-1.970203310282319059e-04,-2.553879852872844580e+00,-9.851016551411595295e-05,2.062533086535650465e-04,2.763826273995003700e-06
2.834278092697565740e-02,4.731296763417168099e-06,-3.423823935634457923e-04,-2.481635803870065438e+00,-1.711911967817228962e-04,1.947493839842611644e-04,2.828764381358878321e-06
2.867622540846948703e-02,4.591679842971475589e-06,-4.863068425408970650e-04,-2.386096668215382799e+00,-2.431534212704485325e-04,1.800429286075213306e-04,2.888798702335043813e-06
2.900966988996332013e-02,4.405492240429510307e-06,-6.255122444506374096e-04,-2.268416695658636684e+00,-3.127561222253187048e-04,1.627217739276208314e-04,2.943057379870095867e-06
2.934311437145714976e-02,4.175167241415643648e-06,-7.575100697807948336e-04,-2.130032336887177191e+00,-3.787550348903974168e-04,1.434737313972445267e-04,2.990897903843835548e-06
2.967655885295098286e-02,3.902861322232792209e-06,-8.802252245143254213e-04,-1.972211655718158818e+00,-4.401126122571627107e-04,1.230005468508876603e-04,3.031911757411987419e-06
3.001000333444481250e-02,3.591484309877163587e-06,-9.911280091171776902e-04,-1.796624701934521173e+00,-4.955640045585888451e-04,1.020739057881917764e-04,3.065947738001581306e-06
3.034344781593864560e-02,3.244799738105972233e-06,-1.088137783820959182e-03,-1.605335594299171831e+00,-5.440688919104795908e-04,8.149513253642168894e-05,3.093121840214459534e-06
3.067689229743247523e-02,2.867424844217144710e-06,-1.169622982849839645e-03,-1.400802518030715760e+00,-5.848114914249198226e-04,6.205172048101277420e-05,3.113812643976050849e-06
3.101033677892630833e-02,2.464830569049291311e-06,-1.234401114420559387e-03,-1.185877724803436895e+00,-6.172005572102796933e-04,4.447129978175589867e-05,3.128641353473134790e-06
3.134378126042013796e-02,2.043341556981736555e-06,-1.281738760742421246e-03,-9.638075327473158982e-01,-6.408693803712106228e-04,2.937518649551496661e-05,3.138436347302916473e-06
3.167722574191397106e-02,1.610007988573820362e-06,-1.311356263348302433e-03,-7.381679143724387826e-01,-6.556781316741512166e-04,1.723099387104238994e-05,3.144181927119869651e-06
3.201067022340779722e-02,1.170075887603913013e-06,-1.323387884980148279e-03,-5.116014173786853636e-01,-6.616939424900741395e-04,8.276819381190688292e-06,3.146941786866849344e-06
3.234411470490163032e-02,7.291098835689402726e-07,-1.318108184916744153e-03,-2.868960263659317000e-01,-6.590540924583720766e-04,2.602849553071146913e-06,3.147809692686479297e-06
3.267755918639546342e-02,2.928660662508476671e-07,-1.296176628212724691e-03,-6.690608934953534703e-02,-6.480883141063623456e-04,1.415569811731729865e-07,3.147856894080668540e-06
3.301100366788929652e-02,-1.333789906004251110e-07,-1.258700697211205836e-03,1.457873124781808860e-01,-6.293503486056029180e-04,6.721086116922151157e-07,3.148081004988202104e-06
3.334444814938312268e-02,-5.448282292669230279e-07,-1.207235891543784407e-03,3.488763647479198315e-01,-6.036179457718922033e-04,3.848957332647467465e-06,3.149364418570278660e-06
3.367789263087695578e-02,-9.371641080627125540e-07,-1.143785728130534193e-03,5.403265199134261731e-01,-5.718928640652670963e-04,9.232356532101888938e-06,3.152442896907091660e-06
3.401133711237078888e-02,-1.306736344356050127e-06,-1.070652348802918685e-03,7.184609095232187270e-01,-5.353261744014593424e-04,1.632323704571361707e-05,3.157885790220100444e-06
3.434478159386462198e-02,-1.650895994028048880e-06,-9.898387306106863626e-04,8.820897100685927139e-01,-4.949193653053431813e-04,2.460512137847705865e-05,3.166090232160239779e-06
3.467822607535844814e-02,-1.967079857770866335e-06,-9.036507576952968954e-04,1.030090424286783879e+00,-4.518253788476484477e-04,3.355449445735349061e-05,3.177278793166359490e-06
3.501167055685228124e-02,-2.253624161281969419e-06,-8.144087871005296908e-04,1.161796185227095490e+00,-4.072043935502648454e-04,4.268348706407904192e-05,3.191511366378789535e-06
3.534511503834611434e-02,-2.509844610767209331e-06,-7.244016671638813833e-04,1.277032860688569693e+00,-3.622008335819406916e-04,5.157083287846384473e-05,3.208707376008153911e-06
3.567855951983994744e-02,-2.736036392940849915e-06,-6.358867375165575941e-04,1.376119053220000943e+00,-3.179433687582787970e-04,5.988416743058164464e-05,3.228675421166733555e-06
3.601200400133377361e-02,-2.933474175025554110e-06,-5.510898290834772683e-04,1.459866100119930010e+00,-2.755449145417386341e-04,6.739474705601577510e-05,3.251147827654234747e-06
3.634544848282760671e-02,-3.104111183965355480e-06,-4.718130984482695736e-04,1.529402377534309521e+00,-2.359065492241347868e-04,7.396793968696131858e-05,3.275812028950320622e-06
3.667889296432143981e-02,-3.249833316197674133e-06,-3.995884085517187518e-04,1.585810376735608873e+00,-1.997942042758593759e-04,7.952478628421359404e-05,3.302329130078768266e-06
3.701233744581527291e-02,-3.372894850031108225e-06,-3.359723468650836677e-04,1.630362937642804377e+00,-1.679861734325418339e-04,8.405597465143974990e-05,3.330357130962875757e-06
3.734578192730909907e-02,-3.475985368967480733e-06,-2.821000130257856090e-04,1.664527718625540054e+00,-1.410500065128928045e-04,8.761572587288929588e-05,3.359572111247266851e-06
3.767922640880293217e-02,-3.562229648995055280e-06,-2.386845935221963634e-04,1.689967112676362904e+00,-1.193422967610981817e-04,9.031429712518071777e-05,3.389686915223653114e-06
3.801267089029676527e-02,-3.635187658588523848e-06,-2.060173616936445068e-04,1.708538247410718691e+00,-1.030086808468222534e-04,9.231014023954681126e-05,3.420467222072451820e-06
3.834611537179059143e-02,-3.698854558709012292e-06,-1.839676777304115004e-04,1.722292985066954607e+00,-9.198383886520575020e-05,9.380242487160021694e-05,3.451745122996626498e-06
3.867955985328442453e-02,-3.757562918437831101e-06,-1.719851072855283218e-04,1.733429078237002097e+00,-8.599255364276416091e-05,9.501937186368352892e-05,3.483428808179582283e-06
3.901300433477825763e-02,-3.814091252191105950e-06,-1.692393540298410440e-04,1.743351939398323447e+00,-8.461967701492052198e-05,9.611034549199155570e-05,3.515476272498351788e-06
3.934644881627209073e-02,-3.871165500601320643e-06,-1.747851434646416162e-04,1.753437005957065642e+00,-8.739257173232080811e-05,9.722553375328753147e-05,3.547895590188677690e-06
3.967989329776591689e-02,-3.931424153074787092e-06,-1.874489743638582315e-04,1.765003847819701877e+00,-9.372448718192911575e-05,9.851249376541080941e-05,3.580744037592949586e-06
4.001333777925974999e-02,-3.996951836498756084e-06,-2.058163057471332550e-04,1.779081595884649092e+00,-1.029081528735666275e-04,1.000902407996310612e-04,3.614118576038975257e-06
4.034678226075358309e-02,-4.069279315241406696e-06,-2.282315568798214621e-04,1.796408942042267087e+00,-1.141157784399107311e-04,1.020493907823890174e-04,3.648146382235170405e-06
4.068022674224741619e-02,-4.149383491151853493e-06,-2.527981072729911503e-04,1.817434139174859409e+00,-1.263990536364955751e-04,1.044521451055119114e-04,3.682975373600796300e-06
4.101367122374124236e-02,-4.237687403560144833e-06,-2.773782966834232710e-04,1.842315001156672016e+00,-1.386891483417116355e-04,1.073316428294340309e-04,3.718764517591938185e-06
4.134711570523507546e-02,-4.333944972897751797e-06,-2.998387460093747967e-04,1.870876179038055032e+00,-1.499193730046873983e-04,1.106853367552064179e-04,3.755671932315248014e-06
4.168056018672890856e-02,-4.436942802555384969e-06,-3.186433777234621732e-04,1.902496331731501122e+00,-1.593216888617310866e-04,1.144583961693956364e-04,3.793837452878567466e-06
4.201400466822274166e-02,-4.545155205815791137e-06,-3.318636200954574078e-04,1.936374779130133783e+00,-1.659318100477287039e-04,1.185710961589509871e-04,3.833374330557443670e-06
4.234744914971656782e-02,-4.656605173791464666e-06,-3.378008837750520266e-04,1.971499019086183857e+00,-1.689004418875260133e-04,1.229116731656899279e-04,3.874358549685716372e-06
4.268089363121040092e-02,-4.768839604872242413e-06,-3.350479462031298377e-04,2.006636048425942231e+00,-1.675239731015649189e-04,1.273319000909009329e-04,3.916816669089151631e-06
4.301433811270423402e-02,-4.878929304725295245e-06,-3.224889516117662269e-04,2.040332362949756728e+00,-1.612444758058831135e-04,1.316442323751696320e-04,3.960712711895142819e-06
4.334778259419806018e-02,-4.983468986295131435e-06,-2.992994110242291872e-04,2.070913957432031438e+00,-1.496497055121145936e-04,1.356201156244591776e-04,4.005934491029674017e-06
4.368122707569189328e-02,-5.078577269803604282e-06,-2.649462022549771509e-04,2.096486325621232272e+00,-1.324731011274885755e-04,1.389901642375952805e-04,4.052279994276621689e-06
4.401467155718572638e-02,-5.159943111173017209e-06,-2.191970209772761723e-04,2.114958221519967374e+00,-1.095985104886380862e-04,1.414502064482449698e-04,4.099445785022952523e-06
4.434811603867955948e-02,-5.224648097126226763e-06,-1.624225786041463230e-04,2.124969752513315324e+00,-8.121128930207316150e-05,1.427925354554750550e-04,4.147059167969092375e-06
4.468156052017338564e-02,-5.268911662875077172e-06,-9.495193956212728435e-05,2.124725827473606277e+00,-4.747596978106364217e-05,1.427597550587326666e-04,4.194661620472838304e-06
4.501500500166721874e-02,-5.288564504432340495e-06,-1.724792869913348444e-05,2.112243134932915378e+00,-8.623964349566742220e-06,1.410872649567928335e-04,4.241706390381739191e-06
4.534844948316105184e-02,-5.280086746505187022e-06,6.985655557104330235e-05,2.085883052234546842e+00,3.492827778552165118e-05,1.375877951010677719e-04,4.287584281379094129e-06
4.568189396465488494e-02,-5.240607942495193745e-06,1.651585412687393492e-04,2.044351645533031281e+00,8.257927063436967460e-05,1.321633992876854906e-04,4.331653437527038233e-06
4.601533844614871110e-02,-5.167907074498339273e-06,2.670849828484155616e-04,1.986699669794129264e+00,1.335424914242077808e-04,1.248143269541340968e-04,4.373272086061261533e-06
4.634878292764254420e-02,-5.060412553305000449e-06,3.736927611986659071e-04,1.912322568794823985e+00,1.868463805993329536e-04,1.156437859073802614e-04,4.411832868291131214e-06
4.668222740913637731e-02,-4.917202218399962510e-06,4.826686836422046487e-04,1.820960475123329703e+00,2.413343418211023243e-04,1.048578717083566912e-04,4.446797146953471059e-06
4.701567189063021041e-02,-4.738033517800603394e-06,5.913804311772214968e-04,1.712710024956286103e+00,2.956902155886107484e-04,9.276148222321410695e-05,4.477727951295989509e-06
4.734911637212403657e-02,-4.523756985843482952e-06,6.982444363493498733e-04,1.588143016846041977e+00,3.491222181746749366e-04,7.975891155056099018e-05,4.504323120202479228e-06
4.768256085361786967e-02,-4.274857359152750898e-06,8.013838346437804350e-04,1.447662636357086807e+00,4.006919173218902175e-04,6.627271017665037518e-05,4.526421389684523706e-06
4.801600533511170277e-02,-3.992263361945522820e-06,8.986496383963924525e-04,1.291906815289034283e+00,4.493248191981962262e-04,5.277914840980111509e-05,4.544020305459715587e-06
4.834944981660552893e-02,-3.677782358924179357e-06,9.881070090136936587e-04,1.121934309636237304e+00,4.940535045068468294e-04,3.980474614844280970e-05,4.557292978400176603e-06
4.868289429809936203e-02,-3.334100355276345870e-06,1.068035256972825996e-03,9.392246995877759908e-01,5.340176284864129978e-04,2.789581216814393535e-05,4.566594683024432577e-06
4.901633877959319513e-02,-2.964781996674929713e-06,1.136927841821554121e-03,7.456783895274783358e-01,5.684639209107770607e-04,1.758341045165170204e-05,4.572457774205376884e-06
4.934978326108702823e-02,-2.574270569278094821e-06,1.193492372178272783e-03,5.436166080339075446e-01,5.967461860891363915e-04,9.345131841286693857e-06,4.575573856846686406e-06
4.968322774258085439e-02,-2.167887780017657420e-06,1.236650678982106379e-03,3.357812933807640121e-01,6.183253394910531893e-04,3.565438873525585715e-06,4.576762732763166388e-06
5.001667222407468749e-02,-1.750195507055953404e-06,1.265947667283215351e-03,1.244898998308068550e-01,6.329738336416076755e-04,4.900814167930822489e-07,4.576926147707078801e-06
5.035011670556852059e-02,-1.325180242321293298e-06,1.281045591159568533e-03,-8.824079322282107896e-02,6.405227955797842664e-04,2.462287763870193680e-07,4.577008251333750399e-06
5.068356118706235369e-02,-8.977391138745178982e-07,1.281553881110388806e-03,-2.999405123445110233e-01,6.407769405551944032e-04,2.844921307153575507e-06,4.577956874643905224e-06
5.101700566855617985e-02,-4.726092964408799959e-07,1.267505325058444288e-03,-5.082508411672067572e-01,6.337526625292221440e-04,8.168761421583034971e-06,4.580680703060571348e-06
5.135045015005001295e-02,-5.436801141000880056e-08,1.239356068350046811e-03,-7.109252203924218971e-01,6.196780341750234055e-04,1.598261516868516415e-05,4.586010017888408843e-06
5.168389463154384605e-02,3.525674731640383908e-07,1.197985613755053443e-03,-9.058289477902143894e-01,5.989928068775267215e-04,2.594731300764516044e-05,4.594662006220401210e-06
5.201733911303767915e-02,7.439398425628090159e-07,1.144696821466866269e-03,-1.090939178199202164e+00,5.723484107334331347e-04,3.763579351430448432e-05,4.607211453874387509e-06
5.235078359453150532e-02,1.115651735403443177e-06,1.081215909102433478e-03,-1.264344923526558029e+00,5.406079545512167388e-04,5.055116145500835706e-05,4.624067459694663712e-06
5.268422807602533842e-02,1.464814460289173320e-06,1.009182616497386522e-03,-1.424738711646302836e+00,5.045913082486932610e-04,6.419045430550470832e-05,4.645471412447416236e-06
5.301767255751917152e-02,1.789109280616134035e-06,9.299660711273797630e-04,-1.571085883752793233e+00,4.649830355636898815e-04,7.805484272357878124e-05,4.671498369007462772e-06
5.335111703901300462e-02,2.085849170929538046e-06,8.452989807714706262e-04,-1.702195402211888808e+00,4.226494903857353131e-04,9.162602082060735699e-05,4.702050560011332944e-06
5.368456152050683078e-02,2.353189673241715988e-06,7.569427370052489619e-04,-1.817303352158472274e+00,3.784713685026244809e-04,1.044371123815411557e-04,4.736874538798109259e-06
5.401800600200066388e-02,2.590129935149054766e-06,6.666870257534477772e-04,-1.916073435406745240e+00,3.333435128767238886e-04,1.160978827417679168e-04,4.775586737111468820e-06
5.435145048349449698e-02,2.796512709831962615e-06,5.763498272899554879e-04,-1.998596970450211785e+00,2.881749136449777439e-04,1.263136978958412642e-04,4.817705342611916668e-06
5.468489496498832314e-02,2.973024356054891125e-06,4.877774162378087624e-04,-2.065392892461690888e+00,2.438887081189043812e-04,1.348979520034976874e-04,4.862686320272302008e-06
5.501833944648215624e-02,3.121177348319493908e-06,4.027977833596804941e-04,-2.117395968924052685e+00,2.013988916798402471e-04,1.417764716137262136e-04,4.909960902337566609e-06
5.535178392797598934e-02,3.242560978755228334e-06,3.224706126552217959e-04,-2.155533379537345695e+00,1.612353063276108979e-04,1.469296706239353871e-04,4.958953790174823956e-06
5.568522840946982244e-02,3.338455050405701347e-06,2.479989650267322237e-04,-2.180590674633470893e+00,1.239994825133661118e-04,1.503655340007452486e-04,5.009092347694245475e-06
5.601867289096364860e-02,3.410515043888420500e-06,1.805109007584921460e-04,-2.193539063502319753e+00,9.025545037924607300e-05,1.521565826972459212e-04,5.059828120517602109e-06
5.635211737245748170e-02,3.460804262745082760e-06,1.208130206462649137e-04,-2.195535298223542764e+00,6.040651032313245684e-05,1.524336495324978512e-04,5.110656279748177797e-06
5.668556185395131480e-02,3.491793833441567741e-06,6.939046599730591290e-05,-2.187921673666547662e+00,3.469523299865295645e-05,1.513782711238878802e-04,5.161132528872514939e-06
5.701900633544514790e-02,3.506362705367941932e-06,2.640691863035606003e-05,-2.172226027490501199e+00,1.320345931517803001e-05,1.492141557947798257e-04,5.210887165683045121e-06
5.735245081693897407e-02,3.507797650838459124e-06,-8.295399124355758939e-06,-2.150161740144328704e+00,-4.147699562177879469e-06,1.461982787600732100e-04,5.259636174939488861e-06
5.768589529843280717e-02,3.499766550735069098e-06,-3.519539609861158341e-05,-2.123614367400563196e+00,-1.759769804930579171e-05,1.426104367188922692e-04,5.307188838066828509e-06
5.801933977992664027e-02,3.484540143928559321e-06,-5.500189052104637337e-05,-2.093756518868600924e+00,-2.750094526052318668e-05,1.386284454247240568e-04,5.353413728171771607e-06
5.835278426142047337e-02,3.463838945524376403e-06,-6.846818972696872333e-05,-2.061483993151992156e+00,-3.423409486348436166e-05,1.343878277214785154e-04,5.398224607705441487e-06
5.868622874291429953e-02,3.439620106120424314e-06,-7.648481416670064605e-05,-2.027802628578615707e+00,-3.824240708335032303e-05,1.300323356251833844e-04,5.441583172435412275e-06
5.901967322440813263e-02,3.413463868742591902e-06,-8.009992539920093293e-05,-1.993519268573763936e+00,-4.004996269960046647e-05,1.256726796711224827e-04,5.483488033946290168e-06
5.935311770590196573e-02,3.386573568844755007e-06,-8.051932609206411046e-05,-1.959241761660147629e+00,-4.025966304603205523e-05,1.213880845753679465e-04,5.523964220867052765e-06
5.968656218739579189e-02,3.359775634308773920e-06,-7.910646002152134826e-05,-1.925378961457892446e+00,-3.955323001076067413e-05,1.172282937680837350e-04,5.563053348498958214e-06
6.002000666888962499e-02,3.333519585444494235e-06,-7.738241207243997115e-05,-1.892140726684538254e+00,-3.869120603621998558e-05,1.132157550449779625e-04,5.600804517236863439e-06
6.035345115038345809e-02,3.307827170757576102e-06,-7.690304512114181376e-05,-1.859519850289294007e+00,-3.845152256057090688e-05,1.093456819802408794e-04,5.637265231468353301e-06
6.068689563187729119e-02,3.281950142238919476e-06,-7.873147847234369782e-05,-1.827152735378633652e+00,-3.936573923617184891e-05,1.055722323328136170e-04,5.672467709738715193e-06
6.102034011337111735e-02,3.254770654528590710e-06,-8.415673484950078771e-05,-1.794475972661611074e+00,-4.207836742475039386e-05,1.018298948577581555e-04,5.706422326230132077e-06
6.135378459486495045e-02,3.224931399582108046e-06,-9.431303694627785452e-05,-1.760813458757118921e+00,-4.715651847313892726e-05,9.804528158906578614e-05,5.739114984312514465e-06
6.168722907635878355e-02,3.190820599249833516e-06,-1.101074433349904038e-04,-1.725373193445055353e+00,-5.505372166749520192e-05,9.413824390424586593e-05,5.770504862239905265e-06
6.202067355785261665e-02,3.150572005276971245e-06,-1.322198484666050418e-04,-1.687247279666322264e+00,-6.610992423330252089e-05,9.002382740134916479e-05,5.800522810689839023e-06
6.235411803934644281e-02,3.102064899303568729e-06,-1.611029826707386617e-04,-1.645411923522825282e+00,-8.055149133536933085e-05,8.561488550397962794e-05,5.829070621794867431e-06
6.268756252084027591e-02,3.042924092864512167e-06,-1.969824121556609786e-04,-1.598727434277471993e+00,-9.849120607783048932e-05,8.082558471400437343e-05,5.856021466981264873e-06
6.302100700233410902e-02,2.970519927389533670e-06,-2.398565390082911140e-04,-1.545938224354175494e+00,-1.199282695041455570e-04,7.557606416484271953e-05,5.881221888510055610e-06
6.335445148382794212e-02,2.882829095204174261e-06,-2.894314939668961827e-04,-1.486106158095212404e+00,-1.447157469834480913e-04,6.983926620190958920e-05,5.904509406416661005e-06
6.368789596532177522e-02,2.777823060421441783e-06,-3.452447396545258091e-04,-1.418296793785110310e+00,-1.726223698272629046e-04,6.361129576313091685e-05,5.925720241949549259e-06
6.402134044681559444e-02,2.653040780202921952e-06,-4.067073814547782131e-04,-1.341363640058723661e+00,-2.033536907273891066e-04,5.689748365663076457e-05,5.944692393885738814e-06
6.435478492830942754e-02,2.506539657986777949e-06,-4.730093299042257746e-04,-1.254428659034355631e+00,-2.365046649521128873e-04,4.976132489652865997e-05,5.961285033064307821e-06
6.468822940980326064e-02,2.336895558347119397e-06,-5.431192993295303481e-04,-1.156882273812553708e+00,-2.715596496647651741e-04,4.232318408720760303e-05,5.975397465237434360e-06
6.502167389129709374e-02,2.143202806993982458e-06,-6.157848078474528579e-04,-1.048383368476097477e+00,-3.078924039237264289e-04,3.475683685659549266e-05,5.986986940681447405e-06
6.535511837279092684e-02,1.925074190773333641e-06,-6.895321773648510752e-04,-9.288592880900016224e-01,-3.447660886824255376e-04,2.728348582221350248e-05,5.996084468464778893e-06
6.568856285428475994e-02,1.682640957667070225e-06,-7.626665335786798894e-04,-7.985058387015153691e-01,-3.813332667893399447e-04,2.016304837717697944e-05,6.002807725676242633e-06
6.602200733577859304e-02,1.416625281704060173e-06,-8.335615365414785882e-04,-6.578050264775003875e-01,-4.167807682707392941e-04,1.368341111564583374e-05,6.007370383600765846e-06
6.635545181727242614e-02,1.128002027687763949e-06,-9.010635784618301015e-04,-5.073297416515032410e-01,-4.505317892309150508e-04,8.139179870450602013e-06,6.010084348212452630e-06
6.668889629876624536e-02,8.177521674522091320e-07,-9.635408143487988238e-04,-3.476810532597829906e-01,-4.817704071743994119e-04,3.822628111327692114e-06,6.011358982460977588e-06
6.702234078026007846e-02,4.874303209608077500e-07,-1.019503645178596691e-03,-1.797326854789027539e-01,-5.097518225892983456e-04,1.021537059707088651e-06,6.011699608356178022e-06
6.735578526175391156e-02,1.391848560392595460e-07,-1.067642173707809578e-03,-4.638685404992792805e-03,-5.338210868539047891e-04,6.804400055543330206e-10,6.011699835245143096e-06
6.768922974324774466e-02,-2.242421116244988461e-07,-1.106826204473406947e-03,1.761665769462757991e-01,-5.534131022367034733e-04,9.814022096755296396e-07,6.012027078396085699e-06
6.802267422474157776e-02,-5.995147184802809835e-07,-1.136105243792739786e-03,3.609684086396840463e-01,-5.680526218963698930e-04,4.120390618353482973e-06,6.013400999909374378e-06
6.835611870623541086e-02,-9.827033531156510382e-07,-1.154708499763540397e-03,5.477717938204671455e-01,-5.773542498817701984e-04,9.488538653159116204e-06,6.016564900760711255e-06
6.868956318772924396e-02,-1.369527884663741062e-06,-1.162111705098602945e-03,7.344271206285878373e-01,-5.810558525493014726e-04,1.705679429446679875e-05,6.022252394690177506e-06
6.902300766922307707e-02,-1.756977885161067978e-06,-1.158280747121115438e-03,9.194552913082278955e-01,-5.791403735605577191e-04,2.673383312803987032e-05,6.031166643815898741e-06
6.935645215071689629e-02,-2.141127372014101727e-06,-1.142897531014031715e-03,1.100907095758756782e+00,-5.714487655070158573e-04,3.832669245835440845e-05,6.043946467910047919e-06
6.968989663221072939e-02,-2.517975089447940694e-06,-1.115866520490607942e-03,1.276814189324061211e+00,-5.579332602453039710e-04,5.155317303707148026e-05,6.061136588962755893e-06
7.002334111370456249e-02,-2.883746392676376308e-06,-1.077423430233804625e-03,1.445346706809941928e+00,-5.387117151169023123e-04,6.606083738943756398e-05,6.083164210633124971e-06
7.035678559519839559e-02,-3.234893247901958273e-06,-1.028135225896283133e-03,1.604813262484144243e+00,-5.140676129481415663e-04,8.144210863848911166e-05,6.110320632319849865e-06
7.069023007669222869e-02,-3.568094232315978887e-06,-9.689001241004080878e-04,1.753660950076348923e+00,-4.844500620502040439e-04,9.725037009112391737e-05,6.142748231549968129e-06
7.102367455818606179e-02,-3.880254534098471355e-06,-9.009475924382454124e-04,1.890475342778175305e+00,-4.504737962191227062e-04,1.130165471131324578e-04,6.180432975502330368e-06
7.135711903967989489e-02,-4.168505952418212753e-06,-8.258383494715634127e-04,2.013980493243177960e+00,-4.129191747357817063e-04,1.282656952694047044e-04,6.223202463754882666e-06
7.169056352117371411e-02,-4.431155289173878863e-06,-7.449679970856357613e-04,2.123480599572051375e+00,-3.724839985428178807e-04,1.425924710393325454e-04,6.270749136325516768e-06
7.202400800266754721e-02,-4.666707012927034531e-06,-6.593816490075895403e-04,2.218359993531469065e+00,-3.296908245037947702e-04,1.556195119387115717e-04,6.322639603794244178e-06
7.235745248416138031e-02,-4.873014249872817575e-06,-5.704784244699976931e-04,2.297703460888891325e+00,-2.852392122349988466e-04,1.669505894653057964e-04,6.378308356533592444e-06
7.269089696565521341e-02,-5.048688286434244685e-06,-4.796592418787536897e-04,2.360977072125626020e+00,-2.398296209393768448e-04,1.762720840524196152e-04,6.437085310202288440e-06
7.302434144714904651e-02,-5.193101191413309799e-06,-3.883258541916196922e-04,2.408029429550668787e+00,-1.941629270958098461e-04,1.833680137143101475e-04,6.498228362457810365e-06
7.335778592864287961e-02,-5.306385815990980721e-06,-2.978808489182269885e-04,2.439091667300704813e+00,-1.489404244591134943e-04,1.881292157368294297e-04,6.560959011253018926e-06
7.369123041013671271e-02,-5.389435793727200810e-06,-2.097276481200753421e-04,2.454777451340107497e+00,-1.048638240600376710e-04,1.905567120657891819e-04,6.624499095302965533e-06
7.402467489163054581e-02,-5.443905540560886440e-06,-1.252705084105341839e-04,2.456082979460937565e+00,-6.263525420526709197e-05,1.907594541105703354e-04,6.688106782568911166e-06
7.435811937312436504e-02,-5.472094938120051401e-06,-4.580691697227497514e-05,2.444322232794618355e+00,-2.290345848613748757e-05,1.889369568330675391e-04,6.751106768175135526e-06
7.469156385461819814e-02,-5.475481846335729904e-06,2.825268285033564271e-05,2.420341771923678387e+00,1.412634142516782136e-05,1.852479422255012180e-04,6.812876672218317344e-06
7.502500833611203124e-02,-5.455428982956999629e-06,9.617104210340700820e-05,2.384953147684397035e+00,4.808552105170350410e-05,1.798704012710524889e-04,6.872853464906230859e-06
7.535845281760586434e-02,-5.413663569917893845e-06,1.572948713032488316e-04,2.339144782037312797e+00,7.864743565162441580e-05,1.730271310534143995e-04,6.930548406904701927e-06
7.569189729909969744e-02,-5.352182716744915249e-06,2.112316088099674299e-04,2.284022966090976769e+00,1.056158044049837149e-04,1.649684648296585797e-04,6.985556231122661195e-06
7.602534178059353054e-02,-5.273253420557030881e-06,2.578494208274656387e-04,2.220811860101949975e+00,1.289247104137328194e-04,1.559637023684654013e-04,7.037561466990771843e-06
7.635878626208736364e-02,-5.179412566065675513e-06,2.972772014034430563e-04,2.150853493474805145e+00,1.486386007017215282e-04,1.462923641609145729e-04,7.086341848504915068e-06
7.669223074358118286e-02,-5.073466925574754190e-06,3.299045724293945257e-04,2.075607764762129381e+00,1.649522862146972628e-04,1.362355889049746030e-04,7.131768853808340949e-06
7.702567522507501596e-02,-4.958447351522456023e-06,3.563779880372244715e-04,1.996629723602410200e+00,1.781889940186122357e-04,1.260651556119322416e-04,7.173804584255800920e-06
7.735911970656884906e-02,-4.835991080455190200e-06,3.773998332102665118e-04,1.914771528123406563e+00,1.886999166051332559e-04,1.159401671489159016e-04,7.212464193175078324e-06
7.769256418806268216e-02,-4.707372862210862973e-06,3.936565684785442269e-04,1.830703630821571837e+00,1.968282842392721135e-04,1.059829700003266865e-04,7.247803629654014274e-06
7.802600866955651526e-02,-4.574023066212413188e-06,4.059293319519137878e-04,1.745166080694281474e+00,2.029646659759568939e-04,9.631047543888578870e-05,7.279917826199157388e-06
7.835945315105034836e-02,-4.437085258721932891e-06,4.150753934958039673e-04,1.658747712983910994e+00,2.075376967479019836e-04,8.700829816388896899e-05,7.308930263066075984e-06
7.869289763254418146e-02,-4.297416202840659703e-06,4.220281547312161401e-04,1.571886149177835312e+00,2.110140773656080701e-04,7.813438070601180796e-05,7.334983741127433849e-06
7.902634211403801456e-02,-4.155585858508985294e-06,4.277971490347245542e-04,1.484867797008428969e+00,2.138985745173622771e-04,6.972292162590384295e-05,7.358232464577219222e-06
7.935978659553183379e-02,-4.011877382506454533e-06,4.334680415384756257e-04,1.397827850453070120e+00,2.167340207692378129e-04,6.178846102331859991e-05,7.378835485925440515e-06
7.969323107702566689e-02,-3.866270811193258019e-06,4.401045737968395507e-04,1.310748016624123879e+00,2.200522868984197754e-04,5.432983905001543493e-05,7.396951470937116599e-06
8.002667555851949999e-02,-3.718249645710396178e-06,4.483277909295198412e-04,1.223385112349585802e+00,2.241638954647599206e-04,4.732889688879870788e-05,7.412733030419876718e-06
8.036012004001333309e-02,-3.566985556215057026e-06,4.589239707008041036e-04,1.135326458276983086e+00,2.294619853504020518e-04,4.076068914186130245e-05,7.426324457276116267e-06
8.069356452150716619e-02,-3.411562879420311088e-06,4.725485654075354505e-04,1.046119435643495077e+00,2.362742827037677253e-04,3.460688754234167756e-05,7.437863932948788287e-06
8.102700900300099929e-02,-3.250983387841533866e-06,4.896669912127839816e-04,9.552774055549483334e-01,2.448334956063919908e-04,2.885752042137891226e-05,7.447486313882892152e-06
8.136045348449483239e-02,-3.084166289796403723e-06,5.105546281458467296e-04,8.622797089858189601e-01,2.552773140729233648e-04,2.351236597260338921e-05,7.455326382563319891e-06
8.169389796598865161e-02,-2.909948229404910352e-06,5.352968201022467384e-04,7.665716667792346062e-01,2.676484100511233692e-04,1.858255926449560428e-05,7.461522634402098603e-06
8.202734244748248471e-02,-2.727083286589325126e-06,5.637888748437370210e-04,6.675645796469594773e-01,2.818944374218685105e-04,1.409245220976240666e-05,7.466221684822159054e-06
8.236078692897631781e-02,-2.534242977074245574e-06,5.957360639982945414e-04,5.646357281694175390e-01,2.978680319991472707e-04,1.008176826282967136e-05,7.469583394813100097e-06
8.269423141047015091e-02,-2.330035561259940716e-06,6.306555246639601034e-04,4.571378982445012396e-01,3.153277623319800517e-04,6.608371574818412259e-06,7.471786919846383127e-06
8.302767589196398401e-02,-2.113920297332011965e-06,6.679786097285324818e-04,3.448493651751506905e-01,3.339893048642662409e-04,3.760614893487004734e-06,7.473040876129639989e-06
8.336112037345781711e-02,-1.885222475299779857e-06,7.070035198652110942e-04,2.274842968957283829e-01,3.535017599326055471e-04,1.636450397318635666e-06,7.473586541483864283e-06
8.369456485495165021e-02,-1.643209556622016460e-06,7.469102969591470947e-04,1.047303609767994415e-01,3.734551484795735473e-04,3.468527969092596307e-07,7.473702197634883742e-06
8.402800933644548331e-02,-1.387584797132276343e-06,7.868070156009059199e-04,-2.350748663176438491e-02,3.934035078004529599e-04,1.747480731066345569e-08,7.473708024512946640e-06
8.436145381793930254e-02,-1.118487247038907583e-06,8.257297830864653368e-04,-1.571070016007791725e-01,4.128648915432326684e-04,7.805326604581893201e-07,7.473968288821201923e-06
8.469489829943313564e-02,-8.364917509250066612e-07,8.626427394172219484e-04,-2.957286512217710550e-01,4.313213697086109742e-04,2.765583688460526682e-06,7.474890457440229073e-06
8.502834278092696874e-02,-5.426089477484851684e-07,8.964380572999820860e-04,-4.388156144069436104e-01,4.482190286499910430e-04,6.089254775846924777e-06,7.476920885841644752e-06
8.536178726242080184e-02,-2.382852708420266046e-07,9.259359421469671222e-04,-5.855937816891984005e-01,4.629679710734835611e-04,1.084408499204327814e-05,7.480536786139092156e-06
8.569523174391463494e-02,7.468498137872555068e-08,9.500022066984700015e-04,-7.351229913337252730e-01,4.750011033492350008e-04,1.708913227937959727e-05,7.486235062991169077e-06
8.602867622540846804e-02,3.945878153120385236e-07,9.679964941906116574e-04,-8.865390175640426307e-01,4.839982470953058287e-04,2.485396648002025926e-05,7.494522480957164391e-06
8.636212070690230114e-02,7.192420350060256308e-07,9.789605999988544929e-04,-1.038729340307145588e+00,4.894802999994272465e-04,3.411966811154297405e-05,7.505899495999359930e-06
8.669556518839612036e-02,1.046228370702468175e-06,9.820722486365352551e-04,-1.190475230322183275e+00,4.910361243182676276e-04,4.481678797095867047e-05,7.520843406626555531e-06
8.702900966988995346e-02,1.372944012416749533e-06,9.767282795397019910e-04,-1.340484132630399561e+00,4.883641397698509955e-04,5.682289485415384275e-05,7.539790687338177054e-06
8.736245415138378656e-02,1.696602609937774554e-06,9.625446470671141560e-04,-1.487389666515094966e+00,4.812723235335570780e-04,6.995995474787267902e-05,7.563118448174413889e-06
8.769589863287761966e-02,2.014234272828022500e-06,9.393564205002422887e-04,-1.629751625521653313e+00,4.696782102501211443e-04,8.399295211632504959e-05,7.591125434541978036e-06
8.802934311437145276e-02,2.322685570423534446e-06,9.072177840432684446e-04,-1.766055977457533288e+00,4.536088920216342223e-04,9.862997657667451506e-05,7.624013055941335460e-06
8.836278759586528586e-02,2.618860134658299232e-06,8.664277669047610675e-04,-1.894836480415123203e+00,4.332138834523805338e-04,1.135385843164953587e-04,7.661871870318292209e-06
8.869623207735911896e-02,2.900843568584192588e-06,8.174689857171400873e-04,-2.015231760071105160e+00,4.087344928585700437e-04,1.284251252808408681e-04,7.704694519628342832e-06
8.902967655885295206e-02,3.165344239794752451e-06,7.605744686327687394e-04,-2.125680894913121399e+00,3.802872343163843697e-04,1.428881253507022621e-04,7.752339776497532497e-06
8.936312104034677128e-02,3.409204111800091749e-06,6.961352856194106794e-04,-2.224702044635258780e+00,3.480676428097053397e-04,1.565105825381813527e-04,7.804527366540273977e-06
8.969656552184060438e-02,3.629761060068799562e-06,6.247624203831654045e-04,-2.311077021541449117e+00,3.123812101915827023e-04,1.688996847674819452e-04,7.860846034352039701e-06
9.003001000333443749e-02,3.824848872027878857e-06,5.472867703684846253e-04,-2.383851290545442758e+00,2.736433851842423126e-04,1.797042380880807576e-04,7.920767420843563095e-06
9.036345448482827059e-02,3.992797247062787150e-06,4.647591467581613689e-04,-2.442333969170829011e+00,2.323795733790806845e-04,1.886297111762198287e-04,7.983664957081049345e-06
9.069689896632210369e-02,4.132431796517429726e-06,3.784502744733329611e-04,-2.486097827551028594e+00,1.892251372366664805e-04,1.954503390390091686e-04,8.048836794039704860e-06
9.103034344781593679e-02,4.243074043694152869e-06,2.898507921734808090e-04,-2.514979288429294968e+00,1.449253960867404045e-04,2.000178827083620042e-04,8.115531653228888630e-06
9.136378792930976989e-02,4.324541728774933098e-06,2.006699315891031946e-04,-2.529078493067054900e+00,1.003349657945515973e-04,2.022668061271302086e-04,8.182976403521363494e-06
9.169723241080358911e-02,4.377093772921854596e-06,1.119009444774821539e-04,-2.528670596461481068e+00,5.595047223874107694e-05,2.022015671156591999e-04,8.250399400225483739e-06
9.203067689229742221e-02,4.400592056657015333e-06,2.425777042827070829e-05,-2.513814758871689925e+00,1.212888521413535415e-05,1.998326940583913195e-04,8.317032509281299885e-06
9.236412137379125531e-02,4.395078762814331018e-06,-6.108503833971118228e-05,-2.484690003806051983e+00,-3.054251916985559114e-05,1.952290430652757079e-04,8.382130556318736865e-06
9.269756585528508841e-02,4.361139503472885251e-06,-1.430856091640989817e-04,-2.441737696673126568e+00,-7.154280458204949084e-05,1.885376181368313944e-04,8.444997384640454604e-06
9.303101033677892151e-02,4.299903319956933757e-06,-2.208347489389807044e-04,-2.385661544781662702e+00,-1.104173744694903522e-04,1.799772701157109959e-04,8.505009812154863360e-06
9.336445481827275461e-02,4.213042682835897613e-06,-2.935559441148963191e-04,-2.317427597340596002e+00,-1.467779720574481596e-04,1.698291942090199085e-04,8.561638419760406077e-06
9.369789929976658771e-02,4.102773491924368328e-06,-3.606053606988381555e-04,-2.238264245459051782e+00,-1.803026803494190778e-04,1.584246347372806122e-04,8.614464239946227961e-06
9.403134378126042081e-02,3.971827322517009890e-06,-4.214804709913010919e-04,-2.149647749998369939e+00,-2.107402354956505459e-04,1.461283905356686717e-04,8.663189945359921841e-06
9.436478826275424003e-02,3.822233143553908792e-06,-4.760372496427213267e-04,-2.052677681943576804e+00,-2.380186248213606633e-04,1.332421159287102037e-04,8.707618793618911044e-06
9.469823274424807313e-02,3.655691639459732482e-06,-5.240646742478817857e-04,-1.948291934813902948e+00,-2.620323371239408929e-04,1.200350466081080101e-04,8.747643817496239256e-06
9.503167722574190623e-02,3.474197832040740900e-06,-5.654055237368179644e-04,-1.837569630165306167e+00,-2.827027618684089822e-04,1.067794326930186647e-04,8.783248830064768720e-06
9.536512170723573933e-02,3.279789917843881223e-06,-6.000992098221125809e-04,-1.721595765707847336e+00,-3.000496049110562904e-04,9.372649397097449311e-05,8.814501412249154414e-06
9.569856618872957243e-02,3.074549268156800149e-06,-6.283817769988936245e-04,-1.601461215305693742e+00,-3.141908884994468122e-04,8.110224021225987030e-05,8.841544506684719676e-06
9.603201067022340554e-02,2.860600429007837543e-06,-6.506859025448340304e-04,-1.478262728977119300e+00,-3.253429512724170152e-04,6.910401080234439199e-05,8.864586857735852121e-06
9.636545515171723864e-02,2.640111121166031942e-06,-6.676408965201517881e-04,-1.353102932894504784e+00,-3.338204482600758941e-04,5.789774788182967217e-05,8.883892542257969840e-06
9.669889963321105786e-02,2.415177448871610573e-06,-6.800448560842283375e-04,-1.227034523244914244e+00,-3.400224280421141687e-04,4.761168635504023486e-05,8.899768396327673031e-06
9.703234411470489096e-02,2.186865792561974785e-06,-6.885493434367866020e-04,-1.100599835553377481e+00,-3.442746717183933010e-04,3.830530169054236010e-05,8.912541087788341477e-06
9.736578859619872406e-02,1.956267603918753047e-06,-6.937920007021824943e-04,-9.743509363439550874e-01,-3.468960003510912471e-04,3.002139119889277091e-05,8.922551555010380862e-06
9.769923307769255716e-02,1.724378820205489975e-06,-6.964372197289463553e-04,-8.487858507335908076e-01,-3.482186098644731776e-04,2.278223160097791439e-05,8.930148164413840889e-06
9.803267755918639026e-02,1.491964915753957118e-06,-6.971522799449261093e-04,-7.242823496397402527e-01,-3.485761399724630547e-04,1.658883179700706037e-05,8.935679618830981062e-06
9.836612204068022336e-02,1.259560901964149993e-06,-6.966073483572878065e-04,-6.010979497803723426e-01,-3.483036741786439032e-04,1.142590196241427394e-05,8.939489522786437506e-06
9.869956652217405646e-02,1.027471327304292534e-06,-6.954754795525154056e-04,-4.793699136739671962e-01,-3.477377397762577028e-04,7.266772207585055092e-06,8.941912587877329533e-06
9.903301100366788956e-02,7.957702773108317998e-07,-6.944326156964104489e-04,-3.591152496395180194e-01,-3.472163078482052244e-04,4.078192251998090399e-06,8.943272438578228484e-06
9.936645548516170878e-02,5.643013745884523688e-07,-6.941575865340928212e-04,-2.402307117965345462e-01,-3.470787932670464106e-04,1.824975574320591607e-06,8.943880966612347035e-06
9.969989996665554188e-02,3.326822557762597572e-07,-6.950355515067740486e-04,-1.225135476635946241e-01,-3.475177757533870243e-04,4.746442587941714817e-07,8.944039234121113917e-06
1.000333444481493750e-01,1.004300145036912700e-07,-6.971990963042160299e-04,-5.721028347771051070e-03,-3.485995481521080150e-04,1.035018707188957229e-09,8.944039579242391122e-06
1.003667889296432081e-01,-1.329153076672097299e-07,-7.008784853282381492e-04,1.103894861662670923e-01,-3.504392426641190746e-04,3.853500535245100383e-07,8.944168072091181475e-06
1.007002334111370412e-01,-3.677879325998987524e-07,-7.061697591811552047e-04,2.260443882248101555e-01,-3.530848795905776024e-04,1.615799462884863143e-06,8.944706851505280208e-06
1.010336778926308743e-01,-6.045963480727683768e-07,-7.130346422798568805e-04,3.414538179316773947e-01,-3.565173211399284402e-04,3.686921969208455846e-06,8.945936235289612021e-06
1.013671223741247074e-01,-8.437233077791504755e-07,-7.213005428558079630e-04,4.568116631482181944e-01,-3.606502714279039815e-04,6.598942851119845157e-06,8.948136616367010675e-06
1.017005668556185266e-01,-1.085525831327303296e-06,-7.306605529550477991e-04,5.722955594933061274e-01,-3.653302764775238996e-04,1.035716159719880376e-05,8.951590154745536852e-06
1.020340113371123597e-01,-1.330335204240454025e-06,-7.406734484381920312e-04,6.880668903433588834e-01,-3.703367242190960156e-04,1.497136230477532566e-05,8.956582272886509763e-06
1.023674558186061928e-01,-1.578456977956738014e-06,-7.507636889804298859e-04,8.042707868323089038e-01,-3.753818444902149430e-04,2.045524043316989773e-05,8.963402959926579353e-06
1.027009003001000259e-01,-1.830163608241161910e-06,-7.602261764362939827e-04,9.210327207967863306e-01,-3.801130882181469914e-04,2.682564163999318703e-05,8.972347822093965273e-06
1.030343447815938590e-01,-2.084991193826179496e-06,-7.685795157694206908e-04,1.038127467214608135e+00,-3.842897578847103454e-04,3.408013950704231722e-05,8.983711656541129532e-06
1.033677892630876921e-01,-2.342153230651910182e-06,-7.751190797898457408e-04,1.155160681785810439e+00,-3.875595398949228704e-04,4.219731295425863408e-05,8.997782117679594747e-06
1.037012337445815252e-01,-2.600935749770278984e-06,-7.789735215047972157e-04,1.271768786335863988e+00,-3.894867607523986078e-04,5.114654751133005728e-05,9.014836651694709037e-06
1.040346782260753583e-01,-2.860405796770240965e-06,-7.793609245958200375e-04,1.387487751867558128e+00,-3.896804622979100187e-04,6.087771120895137122e-05,9.035135988543307900e-06
1.043681227075691775e-01,-3.119411431777770012e-06,-7.755888034187762925e-04,1.501753098560994149e+00,-3.877944017093881463e-04,7.131765807425849250e-05,9.058916468061234357e-06
1.047015671890630106e-01,-3.376581729455903728e-06,-7.670541030038444726e-04,1.613899895773607041e+00,-3.835270515019222363e-04,8.236698840162475106e-05,9.086381285801021829e-06
1.050350116705568437e-01,-3.630326779004673973e-06,-7.532431990555204506e-04,1.723162762040134854e+00,-3.766215995277602253e-04,9.389719131506253245e-05,9.117690786072800999e-06
1.053684561520506768e-01,-3.878837684161157269e-06,-7.337318979526168301e-04,1.828675865072638462e+00,-3.668659489763084151e-04,1.057483174744719954e-04,9.152951978961921473e-06
1.057019006335445099e-01,-4.120086563199457005e-06,-7.081854367482634874e-04,1.929472921760496895e+00,-3.540927183741317437e-04,1.177273521139430982e-04,9.192207514845198059e-06
1.060353451150383430e-01,-4.351826548930710217e-06,-6.763584831699069209e-04,2.024487198170406899e+00,-3.381792415849534605e-04,1.296074809363081742e-04,9.235424414123725640e-06
1.063687895965321761e-01,-4.571591788703079543e-06,-6.380951356193107936e-04,2.112551509546383599e+00,-3.190475678096553968e-04,1.411284637241207022e-04,9.282482921534237070e-06
1.067022340780260092e-01,-4.777463573157267228e-06,-5.934598495198583875e-04,2.192787666314174544e+00,-2.967299247599291937e-04,1.520523580236005806e-04,9.333183941215330957e-06
1.070356785595198285e-01,-4.967924583944962060e-06,-5.426666797128397489e-04,2.264528057888719026e+00,-2.713333398564198745e-04,1.621643598713024773e-04,9.387256752109395709e-06
1.073691230410136616e-01,-5.140328173332755373e-06,-4.858217048211047962e-04,2.326537111945653269e+00,-2.429108524105523981e-04,1.711669725096882249e-04,9.444331434506758464e-06
1.077025675225074947e-01,-5.292369006348603129e-06,-4.232052557472573673e-04,2.377761393297911585e+00,-2.116026278736286837e-04,1.787872492878119044e-04,9.503947056143241941e-06
1.080360120040013278e-01,-5.422109930587192417e-06,-3.552768112766724329e-04,2.417343288861816930e+00,-1.776384056383362164e-04,1.847892311864265382e-04,9.565564005521841887e-06
1.083694564854951609e-01,-5.527981976209940610e-06,-2.826749980774988604e-04,2.444621007657080014e+00,-1.413374990387494302e-04,1.889831480123762707e-04,9.628579393321901021e-06
1.087029009669889940e-01,-5.608784355944989432e-06,-2.062175907006587642e-04,2.459128580806796194e+00,-1.031087953503293821e-04,1.912328399593744355e-04,9.692344928486748188e-06
1.090363454484828271e-01,-5.663684465087209196e-06,-1.269015115798478302e-04,2.460595861537449025e+00,-6.345075578992391508e-05,1.914611126681658960e-04,9.756186579926618037e-06
1.093697899299766463e-01,-5.692217881498197108e-06,-4.590283103153873154e-05,2.448948525178908930e+00,-2.295141551576936577e-05,1.896528238022153067e-04,9.819425267423188486e-06
1.097032344114704794e-01,-5.694537723646081165e-06,3.590293355955887747e-05,2.424400594846601642e+00,1.795146677977943874e-05,1.858697709669045943e-04,9.881402516828623721e-06
1.100366788929643125e-01,-5.670251469716023821e-06,1.178804831046193272e-04,2.386876911152042702e+00,5.894024155230966359e-05,1.801606943233240242e-04,9.941476106132832510e-06
1.103701233744581456e-01,-5.618686287928472630e-06,1.990445311889883578e-04,2.336183924055600158e+00,9.952226559449417888e-05,1.725893774528710256e-04,9.999025081608949912e-06
1.107035678559519787e-01,-5.539732045296648483e-06,2.784594384526961858e-04,2.272403889668613619e+00,1.392297192263480929e-04,1.632943084923823814e-04,1.005347466763508590e-05
1.110370123374458118e-01,-5.433841738929494956e-06,3.552395705437873231e-04,2.195895061775477330e+00,1.776197852718936615e-04,1.524836096167841602e-04,1.010431948578006084e-05
1.113704568189396449e-01,-5.302031496031681703e-06,4.285492981183212273e-04,2.107291691833636627e+00,2.142746490591606137e-04,1.404265770335493338e-04,1.015114395294696619e-05
1.117039013004334780e-01,-5.145880573903601069e-06,4.976029968403712991e-04,2.007504028973592813e+00,2.488014984201856496e-04,1.274420800269202752e-04,1.019363881124203837e-05
1.120373457819272972e-01,-4.967531359941379096e-06,5.616650473820230388e-04,1.897718319998903169e+00,2.808325236910115194e-04,1.138842065458509480e-04,1.023161287144405554e-05
1.123707902634211303e-01,-4.769681553022169122e-06,6.200533537496678719e-04,1.779392665799357953e+00,3.100266768748339359e-04,1.001252451352407680e-04,1.026499908189261891e-05
1.127042347449149634e-01,-4.554246257618117140e-06,6.725701379705509384e-04,1.653559123900671723e+00,3.362850689852754692e-04,8.646482282930109122e-05,1.029383029990839321e-05
1.130376792264087965e-01,-4.322532167368914209e-06,7.190001241077423333e-04,1.520943030842092147e+00,3.595000620538711666e-04,7.315194779398202893e-05,1.031822241321082104e-05
1.133711237079026296e-01,-4.076383894745089853e-06,7.589997338655203292e-04,1.382543316635278075e+00,3.794998669327601646e-04,6.044459809614246973e-05,1.033837733088209219e-05
1.137045681893964627e-01,-3.817755569244993456e-06,7.924000888343713531e-04,1.239398193116942881e+00,3.962000444171856765e-04,4.857599636015994687e-05,1.035457472880145215e-05
1.140380126708902958e-01,-3.548710837394796799e-06,8.192070104909904196e-04,1.092585153948856025e+00,4.096035052454952098e-04,3.774944666199498203e-05,1.036716207347033917e-05
1.143714571523841150e-01,-3.271422862748509311e-06,8.396010201982799384e-04,9.432209746178473742e-01,4.198005100991399692e-04,2.813370306362252124e-05,1.037654310150089045e-05
1.147049016338779481e-01,-2.988174325887924278e-06,8.539373392053532926e-04,7.924617124357844489e-01,4.269686696026766463e-04,1.985896348024093473e-05,1.038316496328156394e-05
1.150383461153717812e-01,-2.701357424422693386e-06,8.627458886475295255e-04,6.415027065396070594e-01,4.313729443237647627e-04,1.301358598838942658e-05,1.038750427171383702e-05
1.153717905968656143e-01,-2.412821487615530078e-06,8.666282712591564510e-04,4.912584432904833487e-01,4.333141356295782255e-04,7.631678304027827777e-06,1.039004901272885148e-05
1.157052350783594474e-01,-2.123671697100582858e-06,8.660079335218816678e-04,3.422771979902581863e-01,4.330039667609408339e-04,3.704724659055537048e-06,1.039128433272186801e-05
1.160386795598532805e-01,-1.835440203238788830e-06,8.613333158827467598e-04,1.953143083971970451e-01,4.306666579413733799e-04,1.206335532934959764e-06,1.039168657864815489e-05
1.163721240413471136e-01,-1.549450898418811969e-06,8.530936774584654912e-04,5.101319577682028594e-02,4.265468387292327456e-04,8.229341073185933576e-08,1.039171401893182750e-05
1.167055685228409467e-01,-1.266813691020707515e-06,8.418186512653504962e-04,-9.009747349928876048e-02,4.209093256326752481e-04,2.566996198089326211e-07,1.039179961400345489e-05
1.170390130043347660e-01,-9.884245054159310713e-07,8.280782442193133875e-04,-2.276037879534774655e-01,4.140391221096566938e-04,1.638170010915904026e-06,1.039234585275334380e-05
1.173724574858285991e-01,-7.149652819672951983e-07,8.124828371358626964e-04,-3.612065910020465509e-01,4.062414185679313482e-04,4.125830031521416270e-06,1.039372158800893458e-05
1.177059019673224322e-01,-4.469039770290369631e-07,7.956831847301073417e-04,-4.907214809552169488e-01,3.978415923650536709e-04,7.615004049266794744e-06,1.039626076908571739e-05
1.180393464488162653e-01,-1.844927083734764762e-07,7.783658525097183556e-04,-6.160794436736140023e-01,3.891829262548591778e-04,1.200254758454638420e-05,1.040026295234165037e-05
1.183727909303100984e-01,7.228926717945611465e-08,7.608528799300925613e-04,-7.373297564217602407e-01,3.804264399650462807e-04,1.719188597993083050e-05,1.040599549184813053e-05
1.187062354118039315e-01,3.233550046417717582e-07,7.433273321142777092e-04,-8.544646031174762957e-01,3.716636660571388546e-04,2.308809777133329617e-05,1.041369409063817186e-05
1.190396798932977646e-01,5.685922021375709936e-07,7.260408603857769006e-04,-9.674727676811770705e-01,3.630204301928884503e-04,2.959903135624207491e-05,1.042356372430147316e-05
1.193731243747915838e-01,8.079800750023252844e-07,7.091524192094244465e-04,-1.076387484505613390e+00,3.545762096047122233e-04,3.663846572974969833e-05,1.043578061850945971e-05
1.197065688562854169e-01,1.041589355782918629e-06,6.927282661913828320e-04,-1.181286438455889209e+00,3.463641330956914160e-04,4.412761305740298546e-05,1.045049472756494490e-05
1.200400133377792500e-01,1.269582294237586416e-06,6.767419620791467272e-04,-1.282291764869435413e+00,3.383709810395733636e-04,5.199645151224387477e-05,1.046783265737896440e-05
1.203734578192730831e-01,1.492212657335956927e-06,6.610743707615401692e-04,-1.379570049556028133e+00,3.305371853807700846e-04,6.018489601987331343e-05,1.048790097882607136e-05
1.207069023007669162e-01,1.709825729259038104e-06,6.455136592687176454e-04,-1.473332328797781532e+00,3.227568296343588227e-04,6.864381892907885996e-05,1.051078988143663304e-05
1.210403467822607493e-01,1.922744269190580082e-06,6.297988852804237191e-04,-1.563778354239234947e+00,3.148994426402118595e-04,7.733042458570706719e-05,1.053657528476631216e-05
1.213737912637545824e-01,2.130659641122798830e-06,6.135393190409938954e-04,-1.650788668205825926e+00,3.067696595204969477e-04,8.617533056637610538e-05,1.056530997318457605e-05
1.217072357452484155e-01,2.333003419068741125e-06,5.962758157553991632e-04,-1.734114095647379283e+00,2.981379078776995816e-04,9.509448631284353232e-05,1.059701870486608316e-05
1.220406802267422347e-01,2.529160576558782125e-06,5.775722154500922750e-04,-1.813486034628198240e+00,2.887861077250461375e-04,1.039988246198594190e-04,1.063169653901742139e-05
1.223741247082360678e-01,2.718469486687553535e-06,5.570153430263830203e-04,-1.888616456352464557e+00,2.785076715131915102e-04,1.127944001924049354e-04,1.066930720930498593e-05
1.227075691897299009e-01,2.900221922113895752e-06,5.342150082604429960e-04,-1.959197905164218323e+00,2.671075041302214980e-04,1.213826502317787777e-04,1.070978158417386838e-05
1.230410136712237340e-01,3.073663055060888355e-06,5.088040058033027873e-04,-2.024903498547371061e+00,2.544020029016513937e-04,1.296607894390608634e-04,1.075301625887845671e-05
1.233744581527175671e-01,3.237991457315845024e-06,4.804381151808524014e-04,-2.085386927125703060e+00,2.402190575904262007e-04,1.375223526575216498e-04,1.079887232845415668e-05
1.237079026342114002e-01,3.392359100230312694e-06,4.487961007938414846e-04,-2.140282454662861600e+00,2.243980503969207423e-04,1.448578992109685157e-04,1.084717439554684327e-05
1.240413471157052333e-01,3.535871354720068166e-06,4.135797119178792679e-04,-2.189204918062364946e+00,2.067898559589396339e-04,1.515558938304379364e-04,1.089770987198246736e-05
1.243747915971990525e-01,3.667673400352180753e-06,3.745885247879378495e-04,-2.231796113742765542e+00,1.872942623939689247e-04,1.575103273205963827e-04,1.095023082140580723e-05
1.247082360786928856e-01,3.786384961514444876e-06,3.316974698351218636e-04,-2.267439377466763606e+00,1.658487349175609318e-04,1.625815909603937600e-04,1.100444275570403793e-05
1.250416805601867187e-01,3.890072596651747323e-06,2.847003181613324391e-04,-2.295239029149823473e+00,1.423501590806662196e-04,1.665926514704631266e-04,1.105999215599428752e-05
1.253751250416805518e-01,3.977014162456852003e-06,2.335351610611012703e-04,-2.314413598434717390e+00,1.167675805305506352e-04,1.693877287276008420e-04,1.111647355937128049e-05
1.257085695231743849e-01,4.045714659771840980e-06,1.782909798318801583e-04,-2.324304051672103189e+00,8.914548991594007917e-05,1.708385507277592472e-04,1.117343873133785649e-05
1.260420140046682180e-01,4.094906233588109817e-06,1.192076457740412010e-04,-2.324373791920522958e+00,5.960382288702060051e-05,1.708488028302776007e-04,1.123040732181143963e-05
1.263754584861620511e-01,4.123548173046371387e-06,5.667592019087619665e-05,-2.314208658946403041e+00,2.833796009543809833e-05,1.693577317577276255e-04,1.128687872286436492e-05
1.267089029676558842e-01,4.130826911436653329e-06,-8.762545611402732752e-06,-2.293516929224055811e+00,-4.381272805701366376e-06,1.663427589200771326e-04,1.134234479786272381e-05
1.270423474491497173e-01,4.116156026198300595e-06,-7.641521032366368343e-05,-2.262129315935677898e+00,-3.820760516183184172e-05,1.618209908153082639e-04,1.139630311423995143e-05
1.273757919306435504e-01,4.079272918504960673e-06,-1.455093751368449198e-04,-2.220042412234997986e+00,-7.275468756842245989e-05,1.558556471559097709e-04,1.144827231969373968e-05
1.277092364121373835e-01,4.020220351053292652e-06,-2.156877384676501451e-04,-2.167375404243718329e+00,-1.078438692338250726e-04,1.485485035703821449e-04,1.149780499844345052e-05
1.280426808936311889e-01,3.938006103361691580e-06,-2.863412864933983560e-04,-2.103745277902549393e+00,-1.431706432466991780e-04,1.399543199524617640e-04,1.154447199409282212e-05
1.283761253751250220e-01,3.831926106386488579e-06,-3.567655386168052810e-04,-2.028916280113217674e+00,-1.783827693084026405e-04,1.301752000957837800e-04,1.158787819619211697e-05
1.287095698566188551e-01,3.701772297923356182e-06,-4.262418203737149244e-04,-1.942898139680410807e+00,-2.131209101868574622e-04,1.193713388524081885e-04,1.162768191038098302e-05
1.290430143381126882e-01,3.547832622607285044e-06,-4.940372634331225516e-04,-1.845946067311754701e+00,-2.470186317165612758e-04,1.077551451709745126e-04,1.166361226889081147e-05
1.293764588196065213e-01,3.370891031912585633e-06,-5.594048055971694846e-04,-1.738560755617821751e+00,-2.797024027985847423e-04,9.558279903901512325e-05,1.169548382575610329e-05
1.297099033011003544e-01,3.172227484152892044e-06,-6.215831908011424517e-04,-1.621488379112127731e+00,-3.107915954005712258e-04,8.314338101024561114e-05,1.172320752732670795e-05
1.300433477825941875e-01,2.953617944481159455e-06,-6.797969691134744547e-04,-1.495720594211134014e+00,-3.398984845567372274e-04,7.074584639187523466e-05,1.174679733939468993e-05
1.303767922640880206e-01,2.717321906602772218e-06,-7.332647514980690333e-04,-1.362487758276851313e+00,-3.666323757490345166e-04,5.870366523588048423e-05,1.176637175261105606e-05
1.307102367455818537e-01,2.464894970978292634e-06,-7.817575196554979976e-04,-1.222628303935457517e+00,-3.908787598277489988e-04,4.727035795789355754e-05,1.178213379261035415e-05
1.310436812270756868e-01,2.197429952183294265e-06,-8.249512765846128345e-04,-1.076750777167631679e+00,-4.124756382923064173e-04,3.666320167690036348e-05,1.179435893488341344e-05
1.313771257085695199e-01,1.916501471531855936e-06,-8.623427950593142745e-04,-9.257116778701490745e-01,-4.311713975296571372e-04,2.709888892234522449e-05,1.180339490984918483e-05
1.317105701900633530e-01,1.623863379545900729e-06,-8.935783018658847348e-04,-7.704426798329785386e-01,-4.467891509329423674e-04,1.877070854292458007e-05,1.180965389902655315e-05
1.320440146715571861e-01,1.321448755955193868e-06,-9.184534778029881030e-04,-6.119506307392830191e-01,-4.592267389014940515e-04,1.184221041621836888e-05,1.181360261873852869e-05
1.323774591530510192e-01,1.011369909697345891e-06,-9.369134576816696286e-04,-4.513175521654186895e-01,-4.684567288408348143e-04,6.441165349210348597e-06,1.181575038977861211e-05
1.327109036345448523e-01,6.959183789178113840e-07,-9.490528303253559228e-04,-2.897006395809353929e-01,-4.745264151626779614e-04,2.653987713689071599e-06,1.181663534733569279e-05
1.330443481160386854e-01,3.775649309698866495e-07,-9.551156385698552839e-04,-1.283322623485776415e-01,-4.775578192849276420e-04,5.208008697954511097e-07,1.181680900551168545e-05
1.333777925975324907e-01,5.870681101670650744e-08,-9.554922028428436019e-04,3.160622859542283614e-02,-4.777461014214218009e-04,3.158968924863270156e-08,1.181681953891923618e-05
1.337112370790263238e-01,-2.594649021497706348e-07,-9.505277698883649214e-04,1.895391896127808784e-01,-4.752638849441824607e-04,1.136051550803948851e-06,1.181719834903954369e-05
1.340446815605201569e-01,-5.751267443539194126e-07,-9.404338252556231287e-04,3.445718547933387388e-01,-4.702169126278115644e-04,3.754564774979304267e-06,1.181845028794417173e-05
1.343781260420139900e-01,-8.864896105130301815e-07,-9.254938322304275813e-04,4.958362415972891180e-01,-4.627469161152137907e-04,7.774572789039483104e-06,1.182104267633664922e-05
1.347115705235078231e-01,-1.191964663715771231e-06,-9.060761892053944243e-04,6.425749011071077987e-01,-4.530380946026972121e-04,1.305712362749398468e-05,1.182539650215442058e-05
1.350450150050016562e-01,-1.490163335222186720e-06,-8.826342296799464821e-04,7.841409180275537016e-01,-4.413171148399732411e-04,1.944411735471561489e-05,1.183188003578386870e-05
1.353784594864954893e-01,-1.779897324463699006e-06,-8.557062222603136923e-04,9.199979106856691624e-01,-4.278531111301568462e-04,2.676539654714978747e-05,1.184080480955750879e-05
1.357119039679893224e-01,-2.060178599043105258e-06,-8.259153706595327802e-04,1.049720031030779044e+00,-4.129576853297663901e-04,3.484552155007751534e-05,1.185242385642315770e-05
1.360453484494831555e-01,-2.330219394734582536e-06,-7.939698136974473672e-04,1.172991964634492179e+00,-3.969849068487236836e-04,4.351009926888658330e-05,1.186693205891361723e-05
1.363787929309769886e-01,-2.589506806966814271e-06,-7.605920846900903745e-04,1.289641560429961142e+00,-3.802960423450451872e-04,5.259422268124511857e-05,1.188446931222513622e-05
1.367122374124708217e-01,-2.837949558279181592e-06,-7.259857489272977370e-04,1.399678553967670824e+00,-3.629928744636488685e-04,6.195218336180876109e-05,1.190512692588362551e-05
1.370456818939646548e-01,-3.074871602565396285e-06,-6.904643798727411273e-04,1.502832823698941223e+00,-3.452321899363705636e-04,7.142024637604644014e-05,1.192894161290464729e-05
1.373791263754584879e-01,-3.299684997862875466e-06,-6.543649196145541556e-04,1.598883622233117086e+00,-3.271824598072770778e-04,8.084137802463471460e-05,1.195589772428331977e-05
1.377125708569523210e-01,-3.512020642249716031e-06,-6.179743051733601906e-04,1.687719980777353745e+00,-3.089871525866800953e-04,9.007427682246741990e-05,1.198593249481432076e-05
1.380460153384461541e-01,-3.711728273844700999e-06,-5.815294685022725759e-04,1.769340709136615786e+00,-2.907647342511362879e-04,9.899720648949504576e-05,1.201894256700154686e-05
1.383794598199399595e-01,-3.898876470807279616e-06,-5.452173364868977742e-04,1.843854395713671934e+00,-2.726086682434488871e-04,1.075110852982974317e-04,1.205479154509367794e-05
1.387129043014337926e-01,-4.073752651337631721e-06,-5.091748309453227907e-04,1.911479407509119266e+00,-2.545874154726613953e-04,1.155418314891698995e-04,1.209331833118543289e-05
1.390463487829276257e-01,-4.236863073676570345e-06,-4.734888686281335502e-04,1.972543890121345012e+00,-2.367444343140667751e-04,1.230419911402679250e-04,1.213434600412316921e-05
1.393797932644214588e-01,-4.388870832582936219e-06,-4.381621591292521713e-04,2.027452062000787869e+00,-2.190810795646260857e-04,1.299873795235417177e-04,1.217768957848913907e-05
1.397132377459152919e-01,-4.529778576477958269e-06,-4.029512344810888135e-04,2.076263486135613512e+00,-2.014756172405444067e-04,1.363216809883314919e-04,1.222314529072266107e-05
1.400466822274091250e-01,-4.659102644773250295e-06,-3.676554581363480206e-04,2.118801470481956883e+00,-1.838277290681740103e-04,1.419647530595862992e-04,1.227048265419701441e-05
1.403801267089029581e-01,-4.776424248263647047e-06,-3.320885553696117584e-04,2.154923936167802090e+00,-1.660442776848058792e-04,1.468465982339347848e-04,1.231944784200426128e-05
1.407135711903967912e-01,-4.881397971188231811e-06,-2.960601463425218760e-04,2.184526086435032877e+00,-1.480300731712609380e-04,1.509087668810543724e-04,1.236976753752978947e-05
1.410470156718906243e-01,-4.973751771230336413e-06,-2.593757461037802690e-04,2.207540406639433517e+00,-1.296878730518901345e-04,1.541052105679522916e-04,1.242115306956311818e-05
1.413804601533844574e-01,-5.053286979517542062e-06,-2.218367645891483912e-04,2.223936664250689255e+00,-1.109183822945741956e-04,1.564029101206480734e-04,1.247330475683242286e-05
1.417139046348782905e-01,-5.119878300621675965e-06,-1.832405066214479595e-04,2.233721908852386751e+00,-9.162025331072397977e-05,1.577822728514445918e-04,1.252591638499229056e-05
1.420473491163721236e-01,-5.173473812558816408e-06,-1.433801719105603036e-04,2.236940472142012748e+00,-7.169008595528015182e-05,1.582372964567726060e-04,1.257867973826230697e-05
1.423807935978659567e-01,-5.214095336059584320e-06,-1.020454723116714658e-04,2.233674160949432164e+00,-5.102273615583573289e-05,1.577755274351047327e-04,1.263128911720031895e-05
1.427142380793597898e-01,-5.241549321959112558e-06,-5.906499196634253861e-05,2.223897600853192102e+00,-2.953249598317126930e-05,1.563974157417044228e-04,1.268343897239928868e-05
1.430476825608536229e-01,-5.254731301373609079e-06,-1.425124158997743030e-05,2.207129009743245440e+00,-7.125620794988715148e-06,1.540477778725734940e-04,1.273480535381728586e-05
1.433811270423474282e-01,-5.252501798770687393e-06,3.253253309730923639e-05,2.182871935087964843e+00,1.626626654865461819e-05,1.506803132758734913e-04,1.278504887274888621e-05
1.437145715238412613e-01,-5.233913733520983426e-06,8.132535273072677299e-05,2.150730145480375555e+00,4.066267636536338649e-05,1.462755853776527548e-04,1.283382365947034406e-05
1.440480160053350944e-01,-5.198212419898155513e-06,1.320685043007850472e-04,2.110407630638169607e+00,6.603425215039252362e-05,1.408421665040843825e-04,1.288078670265276660e-05
1.443814604868289275e-01,-5.144835567078892030e-06,1.846055411533101091e-04,2.061708601403696939e+00,9.230277057665505457e-05,1.344171136722908022e-04,1.292560734742512164e-05
1.447149049683227606e-01,-5.073413279142902070e-06,2.386822829894397592e-04,2.004537489743968948e+00,1.193411414947198796e-04,1.270657095801986259e-04,1.296797670707173487e-05
1.450483494498165937e-01,-4.983768055072922222e-06,2.939468158656245245e-04,1.938898948750655160e+00,1.469734079328122623e-04,1.188804253598093599e-04,1.300761672886560276e-05
1.453817939313104268e-01,-4.875914788754712333e-06,3.499494921936266282e-04,1.864897852640086562e+00,1.749747460968133141e-04,1.099790838922229332e-04,1.304428864746921199e-05
1.457152384128042599e-01,-4.750111207701206220e-06,4.062654266236634263e-04,1.782755860824060568e+00,2.031327133118317131e-04,1.005040923298717876e-04,1.307780118242415579e-05
1.460486828942980930e-01,-4.606241300728385167e-06,4.626729988428223816e-04,1.692490190623727297e+00,2.313364994214111908e-04,9.058417233371644198e-05,1.310800597479951818e-05
1.463821273757919261e-01,-4.443716303686000833e-06,5.186842498362677183e-04,1.593896261426097638e+00,2.593421249181338591e-04,8.033783131025941360e-05,1.313479418130510547e-05
1.467155718572857592e-01,-4.262298788159976666e-06,5.737779052422158554e-04,1.486942965241728531e+00,2.868889526211079277e-04,6.991793951971116302e-05,1.315810793239537194e-05
1.470490163387795923e-01,-4.062128459179676481e-06,6.274157289243809067e-04,1.371784407856903920e+00,3.137078644621904533e-04,5.950750262515272553e-05,1.317795038075320867e-05
1.473824608202734254e-01,-3.843722155217904459e-06,6.790425229719740299e-04,1.248759908833633414e+00,3.395212614859870149e-04,4.931259925566283783e-05,1.319439339484312538e-05
1.477159053017672585e-01,-3.607973848190905572e-06,7.280861276997040773e-04,1.118394001509653846e+00,3.640430638498520386e-04,3.955393159708103838e-05,1.320758243505555720e-05
1.480493497832610916e-01,-3.356154643458366427e-06,7.739574216477772706e-04,9.813964329984279367e-01,3.869787108238886353e-04,3.045712812741289491e-05,1.321773819635179455e-05
1.483827942647548970e-01,-3.089912779823436020e-06,8.160503215818941652e-04,8.386621641891569556e-01,4.080251607909470826e-04,2.224201354934118884e-05,1.322515467302713240e-05
1.487162387462487301e-01,-2.811189088210949839e-06,8.537958122649554581e-04,6.912255917210220479e-01,4.268979061324777290e-04,1.510913556606020578e-05,1.323019273090177634e-05
1.490496832277425632e-01,-2.521130729816711148e-06,8.870875912638884891e-04,5.396893276398776473e-01,4.435437956319442446e-04,9.210594440744791528e-06,1.323326395278932004e-05
1.493831277092363963e-01,-2.220952873936572414e-06,9.154830975982626183e-04,3.847062236239322530e-01,4.577415487991313091e-04,4.680135471946716775e-06,1.323482451813508493e-05
1.497165721907302294e-01,-1.912156633614739038e-06,9.385264563164062842e-04,2.270678975317541592e-01,4.692632281582031421e-04,1.630464988540754666e-06,1.323536818768778255e-05
1.500500166722240625e-01,-1.596394695035335251e-06,9.558864937569077312e-04,6.762866095248987186e-02,4.779432468784538656e-04,1.446310625988262803e-07,1.323541641411745804e-05
1.503834611537178956e-01,-1.275471317522403903e-06,9.673567375486143583e-04,-9.269448079413589170e-02,4.836783687743071792e-04,2.717113325601181158e-07,1.323550701476185953e-05
1.507169056352117287e-01,-9.513423335399070989e-07,9.728554166106336953e-04,-2.529218286578198693e-01,4.864277083053168476e-04,2.022891671321785809e-06,1.323618153682632251e-05
1.510503501167055618e-01,-6.261151486917262000e-07,9.724254611523324267e-04,-4.120109898576818086e-01,4.862127305761662134e-04,5.368062959862546674e-06,1.323797148779660118e-05
1.513837945981993949e-01,-3.020487417216609741e-07,9.662345026733368258e-04,-5.688568778822615801e-01,4.831172513366684129e-04,1.023307192755249485e-05,1.324138364915957281e-05
1.517172390796932280e-01,1.856427424553075861e-08,9.545774013200536510e-04,-7.223507628366910849e-01,4.772887006600268255e-04,1.650046835365387185e-05,1.324688563927416367e-05
1.520506835611870611e-01,3.346285318841110644e-07,9.377606546976913985e-04,-8.719879143161042290e-01,4.688803273488456992e-04,2.404478684116761233e-05,1.325490324075504669e-05
1.523841280426808942e-01,6.443563096036792554e-07,9.158992001536324585e-04,-1.016911257406305058e+00,4.579496000768162292e-04,3.270138224941987199e-05,1.326580733620333665e-05
1.527175725241747273e-01,9.458191728566266499e-07,8.891669406378120439e-04,-1.156201732104941815e+00,4.445834703189060219e-04,4.227340508901701111e-05,1.327990316984422383e-05
1.530510170056685604e-01,1.237313053600389675e-06,8.578350949801857601e-04,-1.289062916621773747e+00,4.289175474900928800e-04,5.254703671153771014e-05,1.329742468925453937e-05
1.533844614871623657e-01,1.517358250297430571e-06,8.222721978907330739e-04,-1.414821027378662333e+00,4.111360989453665370e-04,6.329989819446245564e-05,1.331853169098660451e-05
1.537179059686561988e-01,1.784699427915325163e-06,7.829440999594444121e-04,-1.532924919009612363e+00,3.914720499797222060e-04,7.430906010939929281e-05,1.334330963700507618e-05
1.540513504501500319e-01,2.038305617926626914e-06,7.404139676563399174e-04,-1.642946084360707770e+00,3.702069838281699587e-04,8.535847026071885263e-05,1.337177194786226897e-05
1.543847949316438650e-01,2.277370218308958405e-06,6.953422833314567642e-04,-1.744578654490155811e+00,3.476711416657283821e-04,9.624564977449275385e-05,1.340386452864736078e-05
1.547182394131376981e-01,2.501311201030437240e-06,6.484867198191218273e-04,-1.837639493801826562e+00,3.242433599095609137e-04,1.067875522670082403e-04,1.343947224864302924e-05
1.550516838946315312e-01,2.710119171232676015e-06,6.002810647122562050e-04,-1.922213876405856281e+00,3.001405323561281025e-04,1.168431929045246625e-04,1.347843296651716183e-05
1.553851283761253643e-01,2.903238401441607687e-06,5.508875721914531943e-04,-1.998100599603978900e+00,2.754437860957265971e-04,1.262509632353156258e-04,1.352053065349125761e-05
1.557185728576191974e-01,3.079724063955752663e-06,5.006758157912009899e-04,-2.064920862120622314e+00,2.503379078956004949e-04,1.348362991817087257e-04,1.356549107335844834e-05
1.560520173391130305e-01,3.238934248913111003e-06,4.499933146552178827e-04,-2.122447875043206089e+00,2.249966573276089414e-04,1.424538091331157197e-04,1.361299150988166087e-05
1.563854618206068636e-01,3.380529964291163690e-06,3.991655335364527476e-04,-2.170606861822144573e+00,1.995827667682263738e-04,1.489917918320463671e-04,1.366267200065593441e-05
1.567189063021006967e-01,3.504475135906870087e-06,3.484958827970850975e-04,-2.209475058270843117e+00,1.742479413985425487e-04,1.543754394059441916e-04,1.371414763900403212e-05
1.570523507835945298e-01,3.611036607416673448e-06,2.982657184085247041e-04,-2.239281712565701188e+00,1.491328592042623520e-04,1.585687003830075755e-04,1.376702149708439499e-05
1.573857952650883629e-01,3.700784140316492867e-06,2.487343419514117604e-04,-2.260408085246111032e+00,1.243671709757058802e-04,1.615748286813603705e-04,1.382089773205650549e-05
1.577192397465821960e-01,3.774590413941731326e-06,2.001390006156170977e-04,-2.273387449214457678e+00,1.000695003078085489e-04,1.634356957121414300e-04,1.387539446287082334e-05
1.580526842280760291e-01,3.833434485898270876e-06,1.525989937079817228e-04,-2.278799947137632564e+00,7.629949685399086139e-05,1.642148399706929460e-04,1.393015099503844371e-05
1.583861287095698345e-01,3.877205332545525835e-06,1.058690820247968251e-04,-2.276656617097689406e+00,5.293454101239841253e-05,1.639060800214081051e-04,1.398480457290487046e-05
1.587195731910636676e-01,3.905635088487844120e-06,5.991679597131587746e-05,-2.266905681899502589e+00,2.995839798565793873e-05,1.625050651103997006e-04,1.403899099008072849e-05
1.590530176725575007e-01,3.918619332345549935e-06,1.471844691697859401e-05,-2.249576932385266126e+00,7.359223458489297007e-06,1.600301086290584370e-04,1.409235214667594479e-05
1.593864621540513338e-01,3.916188945151882227e-06,-2.977177832019439687e-05,-2.224765410579489178e+00,-1.488588916009719843e-05,1.565194984126529025e-04,1.414454270966782669e-05
1.597199066355451669e-01,3.898510110352995543e-06,-7.362181747359760860e-05,-2.192631409688991617e+00,-3.681090873679880430e-05,1.520306884911158099e-04,1.419523650376289718e-05
1.600533511170390000e-01,3.865884313807958332e-06,-1.169217328280406287e-04,-2.153400474102908468e+00,-5.846086641402031435e-05,1.466390399639897759e-04,1.424413248241044126e-05
1.603867955985328331e-01,3.818748343788751248e-06,-1.597837112197481187e-04,-2.107363399392685910e+00,-7.989185560987405936e-05,1.404361341522246973e-04,1.429096013634582775e-05
1.607202400800266662e-01,3.757674290980268849e-06,-2.023420640363598685e-04,-2.054876232312085271e+00,-1.011710320181799343e-04,1.335276906043815807e-04,1.433548420790447385e-05
1.610536845615204993e-01,3.683210735526415549e-06,-2.447577268085705370e-04,-1.996279824510152068e+00,-1.223788634042852685e-04,1.260209749429178907e-04,1.437750520655166200e-05
1.613871290430143324e-01,3.595035675378057292e-06,-2.871756868609316032e-04,-1.931477128529259346e+00,-1.435878434304658016e-04,1.179720536568250783e-04,1.441684233681402410e-05
1.617205735245081655e-01,3.492720324694924109e-06,-3.296558745373704053e-04,-1.860321848211776041e+00,-1.648279372686852027e-04,1.094400223777251705e-04,1.445333450833043898e-05
1.620540180060019986e-01,3.375992327547001768e-06,-3.722114454470387972e-04,-1.782745501122084075e+00,-1.861057227235193986e-04,1.005029242625647522e-04,1.448684665379978257e-05
1.623874624874958317e-01,3.244721593510606193e-06,-4.148112612900055384e-04,-1.698750000102084101e+00,-2.074056306450027692e-04,9.125547699986520428e-05,1.451727528901147597e-05
1.627209069689896648e-01,3.098920297668381341e-06,-4.573798898572558605e-04,-1.608407653271195281e+00,-2.286899449286279302e-04,8.180733816282303181e-05,1.454455349446756781e-05
1.630543514504834979e-01,2.938742880609302173e-06,-4.997976050306923886e-04,-1.511861164026354842e+00,-2.498988025153461943e-04,7.228094509479027555e-05,1.456865517672658400e-05
1.633877959319773032e-01,2.764486048428686509e-06,-5.419003867831303708e-04,-1.409323631042027625e+00,-2.709501933915651854e-04,6.280894059466390932e-05,1.458959847135634856e-05
1.637212404134711363e-01,2.576588935092549169e-06,-5.834800297168606358e-04,-1.301078621505477928e+00,-2.917400148584303179e-04,5.353121266550829740e-05,1.460744815880733388e-05
1.640546848949649694e-01,2.375595823891001957e-06,-6.243771149179282165e-04,-1.187454451297501823e+00,-3.121885574589641082e-04,4.458963523877189952e-05,1.462231632660952395e-05
1.643881293764588025e-01,2.161500867169222195e-06,-6.643508662852904301e-04,-1.068504922288095571e+00,-3.321754331426452151e-04,3.610381160815264931e-05,1.463435494335115503e-05
1.647215738579526356e-01,1.934247085727862254e-06,-7.030487350266167827e-04,-9.442611601868036164e-01,-3.515243675133083914e-04,2.819578906267998600e-05,1.464375667361546869e-05
1.650550183394464687e-01,1.694037283324407516e-06,-7.401076652011715374e-04,-8.148798057870489941e-01,-3.700538326005857687e-04,2.099844381926227382e-05,1.465075848882695970e-05
1.653884628209403018e-01,1.441334046673179768e-06,-7.751540937198129555e-04,-6.806430149661331086e-01,-3.875770468599064778e-04,1.465003910496335418e-05,1.465564346352017789e-05
1.657219073024341349e-01,1.176859745445336141e-06,-8.078039503449938388e-04,-5.419584586852365105e-01,-4.039019751724969194e-04,9.288209401727165899e-06,1.465874056568814356e-05
1.660553517839279680e-01,9.015965322688674146e-07,-8.376626576907610956e-04,-3.993593229894182306e-01,-4.188313288453805478e-04,5.043449247593089388e-06,1.466042227600744731e-05
1.663887962654218011e-01,6.167863427286007722e-07,-8.643251312227566083e-04,-2.535043090076161132e-01,-4.321625656113783041e-04,2.032219861490818053e-06,1.466109990850544340e-05
1.667222407469156342e-01,3.239308953661997992e-07,-8.873757792582156068e-04,-1.051776329526470377e-01,-4.436878896291078034e-04,3.498217317492834105e-07,1.466121655463140211e-05
1.670556852284094673e-01,2.465802540246168917e-08,-9.064633668096084423e-04,4.478252820157746505e-02,-4.532316834048042212e-04,6.341868259659074702e-08,1.466123770124113735e-05
1.673891297099033004e-01,-2.800809730051124127e-07,-9.215349471897769191e-04,1.959005837100445124e-01,-4.607674735948884596e-04,1.213588521379009007e-06,1.466164236563639512e-05
1.677225741913971335e-01,-5.890005828071684933e-07,-9.321695653507473898e-04,3.475163007733415022e-01,-4.660847826753736949e-04,3.819006181030831642e-06,1.466291579217225044e-05
1.680560186728909666e-01,-9.006408600064273849e-07,-9.379812676519333351e-04,4.988894033505532066e-01,-4.689906338259666675e-04,7.870613005001542587e-06,1.466554020464474048e-05
1.683894631543847720e-01,-1.213458219769803302e-06,-9.386925558140612027e-04,6.492495470500703192e-01,-4.693462779070306013e-04,1.332979009573362033e-05,1.466998494959163354e-05
1.687229076358786051e-01,-1.525825436428507628e-06,-9.341343869191689976e-04,7.977963191296389978e-01,-4.670671934595844988e-04,2.012723217931820669e-05,1.467669626408957248e-05
1.690563521173724382e-01,-1.836031643477892165e-06,-9.242461734106068244e-04,9.436992384962845648e-01,-4.621230867053034122e-04,2.816224090490042784e-05,1.468608680790581024e-05
1.693897965988662713e-01,-2.142282333577554903e-06,-9.090757830930368873e-04,1.086097755706364687e+00,-4.545378915465184437e-04,3.730249085362075958e-05,1.469852511762692330e-05
1.697232410803601044e-01,-2.442699358551312493e-06,-8.887795391324338152e-04,1.224101252965553277e+00,-4.443897695662169076e-04,4.738432353318564017e-05,1.471432515881838193e-05
1.700566855618539375e-01,-2.735320929387200247e-06,-8.636222200560844447e-04,1.356789044128842825e+00,-4.318111100280422224e-04,5.821362663549409764e-05,1.473373617136773098e-05
1.703901300433477706e-01,-3.018895871628759298e-06,-8.339544890778823917e-04,1.483604935965894933e+00,-4.169772445389411959e-04,6.960437515487390169e-05,1.475694536615094946e-05
1.707235745248416037e-01,-3.292442867798238540e-06,-7.999131071394819346e-04,1.604118461255154227e+00,-3.999565535697409673e-04,8.137160345377738994e-05,1.478407827827291636e-05
1.710570190063354368e-01,-3.553914260928094033e-06,-7.615629310634790521e-04,1.717366717300312873e+00,-3.807814655317395261e-04,9.326658689211406086e-05,1.481517750697985489e-05
1.713904634878292699e-01,-3.801526498116365522e-06,-7.190718228869936264e-04,1.822528354728092159e+00,-3.595359114434968132e-04,1.050385184585917521e-04,1.485020202130416038e-05
1.717239079693231030e-01,-4.033773271639314583e-06,-6.727113751723331862e-04,1.918930173818284679e+00,-3.363556875861665931e-04,1.164443293001097348e-04,1.488902974031053157e-05
1.720573524508169361e-01,-4.249425518951423778e-06,-6.228569110069929072e-04,2.006047124503754553e+00,-3.114284555034964536e-04,1.272571702484691901e-04,1.493146294146040416e-05
1.723907969323107692e-01,-4.447531422685398771e-06,-5.699874840036552861e-04,2.083502306370436763e+00,-2.849937420018276431e-04,1.372738996113259831e-04,1.497723616573893814e-05
1.727242414138046023e-01,-4.627416410652167056e-06,-5.146858783001905750e-04,2.151066968657337597e+00,-2.573429391500952875e-04,1.463214050407671046e-04,1.502602623077420703e-05
1.730576858952984354e-01,-4.788683155840876268e-06,-4.576386085596565096e-04,2.208660510256535314e+00,-2.288193042798282548e-04,1.542616358775691519e-04,1.507746392196379215e-05
1.733911303767922407e-01,-4.931211576418890789e-06,-3.996359199703035684e-04,2.256350479713175261e+00,-1.998179599851517842e-04,1.609952709538729581e-04,1.513114690660996575e-05
1.737245748582860738e-01,-5.055082988316115885e-06,-3.411093970477684458e-04,2.294283643381439752e+00,-1.705546985238842229e-04,1.664539930376429742e-04,1.518665007201098003e-05
1.740580193397799069e-01,-5.159804968857724563e-06,-2.820637871667950030e-04,2.322293815098603442e+00,-1.410318935833975015e-04,1.705431699301846664e-04,1.524351675088066505e-05
1.743914638212737400e-01,-5.244763682458702570e-06,-2.229146805837199695e-04,2.340182577111951989e+00,-1.114573402918599848e-04,1.731806970399536890e-04,1.530126289860989276e-05
1.747249083027675731e-01,-5.309646324329050133e-06,-1.640470310729470684e-04,2.347900247673853080e+00,-8.202351553647353418e-05,1.743248432123260870e-04,1.535939055556631818e-05
1.750583527842614062e-01,-5.354442067154280442e-06,-1.058119171913188055e-04,2.345546135913597841e+00,-5.290595859565940277e-05,1.739754464004362967e-04,1.541740170808397043e-05
1.753917972657552393e-01,-5.379442061095417109e-06,-4.852654227811657858e-05,2.333368541837398613e+00,-2.426327113905828929e-05,1.721736462492190890e-04,1.547481206028444528e-05
1.757252417472490724e-01,-5.385239433788996705e-06,7.525765544939865600e-06,2.311764756328391623e+00,3.762882772469932800e-06,1.690002227166069449e-04,1.553116425192052372e-05
1.760586862287429055e-01,-5.372729290347066225e-06,6.209555337369140069e-05,2.281281061146635647e+00,3.104777668684570034e-05,1.645726226225566300e-04,1.558604008473898423e-05
1.763921307102367386e-01,-5.343043832126186835e-06,1.149953195226626206e-04,2.242578218484061470e+00,5.749765976133131029e-05,1.590359103935030135e-04,1.563906973141904446e-05
1.767255751917305717e-01,-5.296605536817980563e-06,1.662703283006571324e-04,2.195945020051099927e+00,8.313516415032856622e-05,1.524905479309006287e-04,1.568991686310657388e-05
1.770590196732244048e-01,-5.233495150722064606e-06,2.158261505429442300e-04,2.141508126191659311e+00,1.079130752714721150e-04,1.450238577184497423e-04,1.573827426814773778e-05
1.773924641547182379e-01,-5.153977965306196185e-06,2.635608603350911229e-04,2.079484943934498453e+00,1.317804301675455615e-04,1.367450330664516690e-04,1.578387114479544114e-05
1.777259086362120710e-01,-5.058473004633830357e-06,3.094149763350463817e-04,2.010164540437158198e+00,1.547074881675231908e-04,1.277800975710581934e-04,1.582647871317525130e-05
1.780593531177059041e-01,-4.947553025364123401e-06,3.533714617731402896e-04,1.933907642985959185e+00,1.766857308865701448e-04,1.182691456448630612e-04,1.586591490712152040e-05
1.783927975991997095e-01,-4.821944516751939590e-06,3.954557244520811839e-04,1.851146638996012950e+00,1.977278622260405920e-04,1.083631561588989010e-04,1.590204800353995992e-05
1.787262420806935426e-01,-4.682527700647810543e-06,4.357356167469694417e-04,1.762385576011191501e+00,2.178678083734847208e-04,9.822043641692476581e-05,1.593479906603309875e-05
1.790596865621873757e-01,-4.530336531497998744e-06,4.743214356052762298e-04,1.668200161704168405e+00,2.371607178026381149e-04,8.800276505010111254e-05,1.596414310239525441e-05
1.793931310436812088e-01,-4.366179421015355446e-06,5.113660040681695983e-04,1.569046870432746710e+00,2.556830020340847992e-04,7.785236927878462011e-05,1.599010254530248461e-05
1.797265755251750419e-01,-4.190156565241438286e-06,5.469412086740139478e-04,1.465029268931380413e+00,2.734706043370069739e-04,6.787230564413284989e-05,1.601273419106578403e-05
1.800600200066688750e-01,-4.002472402528140981e-06,5.810554073855389579e-04,1.356303841401039545e+00,2.905277036927694789e-04,5.817199841019864159e-05,1.603213132291313043e-05
1.803934644881627081e-01,-3.803434476633452738e-06,6.137080703176310851e-04,1.243074674453640727e+00,3.068540351588155426e-04,4.886461001611562891e-05,1.604842495746335260e-05
1.807269089696565412e-01,-3.593453189477795517e-06,6.448898136229048875e-04,1.125593329889567507e+00,3.224449068114524438e-04,4.006480393073465386e-05,1.606178434523619129e-05
1.810603534511503743e-01,-3.373041801144025302e-06,6.745823994917037828e-04,1.004158844697672137e+00,3.372911997458518914e-04,3.188635198247814995e-05,1.607241667333971641e-05
1.813937979326442074e-01,-3.142816429877429562e-06,7.027587361520988563e-04,8.791177310552745761e-01,3.513793680760494281e-04,2.443959917848020241e-05,1.608056592281570171e-05
1.817272424141380405e-01,-2.903496052085727250e-06,7.293828778698902698e-04,7.508639763281617086e-01,3.646914389349451349e-04,1.782881743905176698e-05,1.608651084360231465e-05
1.820606868956318736e-01,-2.655899792187844742e-06,7.544122422058413069e-04,6.198375338757881048e-01,3.772061211029206535e-04,1.214942549923847064e-05,1.609056200248835659e-05
1.823941313771257067e-01,-2.400667898474835620e-06,7.778361043484725281e-04,4.863815756508949040e-01,3.889180521742362641e-04,7.480906566567937412e-06,1.609305646949954751e-05
1.827275758586195398e-01,-2.138108999669761704e-06,7.994750312285901469e-04,3.506788124098290660e-01,3.997375156142950734e-04,3.888830858281435866e-06,1.609435317868870618e-05
1.830610203401133729e-01,-1.868642180516023803e-06,8.190888938206064389e-04,2.129660095442851286e-01,4.095444469103032194e-04,1.434235892454857683e-06,1.609483141673220247e-05
1.833944648216071782e-01,-1.592829892792628268e-06,8.364434974940469086e-04,7.354604640900708201e-02,4.182217487470234543e-04,1.710482608952122616e-07,1.609488845183086858e-05
1.837279093031010113e-01,-1.311377955314096996e-06,8.513105820135557101e-04,-6.721208367825848295e-02,4.256552910067778550e-04,1.428547609615242407e-07,1.609493608596256758e-05
1.840613537845948444e-01,-1.025135553930601901e-06,8.634678215388869732e-04,-2.088732734366920418e-01,4.317339107694434866e-04,1.379639900243171293e-06,1.609539611927375267e-05
1.843947982660886775e-01,-7.350952415278759684e-07,8.726988246249108754e-04,-3.509363016224478216e-01,4.363494123124554377e-04,3.894543776079551770e-06,1.609669473340382109e-05
1.847282427475825106e-01,-4.423929380272365526e-07,8.787931342216116900e-04,-4.928338330286423652e-01,4.393965671108058450e-04,7.680704007654123554e-06,1.609925582176916002e-05
1.850616872290763437e-01,-1.483079303855822002e-07,8.815462276740883285e-04,-6.339324184853545319e-01,4.407731138370441643e-04,1.270825507413832241e-05,1.610349331929304722e-05
1.853951317105701768e-01,1.457751638912799656e-07,8.807789783894612746e-04,-7.735526613830222553e-01,4.403894891947306373e-04,1.892255469751808790e-05,1.610980294073269915e-05
1.857285761920640099e-01,4.391435514761863229e-07,8.766230038495772181e-04,-9.113746132794307009e-01,4.383115019247886090e-04,2.626599479838229788e-05,1.611856119174916218e-05
1.860620206735578430e-01,7.305976277198919374e-07,8.687731717026445999e-04,-1.046813967756838659e+00,4.343865858513223000e-04,3.465285470955347823e-05,1.613011599492007275e-05
1.863954651550516761e-01,1.018629487127241079e-06,8.568291256994179208e-04,-1.179131054424228164e+00,4.284145628497089604e-04,4.396672882398193184e-05,1.614477645801576575e-05
1.867289096365455092e-01,1.301753695962952824e-06,8.405056864313562720e-04,-1.307608606208819246e+00,4.202528432156781360e-04,5.406989678889640507e-05,1.616280576671496317e-05
1.870623541180393423e-01,1.578507292251621713e-06,8.196328513306230107e-04,-1.431551759356069375e+00,4.098164256653115053e-04,6.480583490591835432e-05,1.618441491473294195e-05
1.873957985995331754e-01,1.847449785777717439e-06,7.941557946700859762e-04,-1.550288053429672797e+00,3.970778973350429881e-04,7.600196146213144708e-05,1.620975734936519442e-05
1.877292430810270085e-01,2.107163158085584524e-06,7.641348675633175989e-04,-1.663167431311561639e+00,3.820674337816587995e-04,8.747258153252148382e-05,1.623892459895923362e-05
1.880626875625208416e-01,2.356251862479441689e-06,7.297455979645947914e-04,-1.769562239201905918e+00,3.648727989822973957e-04,9.902199790522287751e-05,1.627194293770722530e-05
1.883961320440146470e-01,2.593342824023364696e-06,6.912786906689019845e-04,-1.868867226619104427e+00,3.456393453344509922e-04,1.104477558920304275e-04,1.630877113240279924e-05
1.887295765255084801e-01,2.817085439541362375e-06,6.491400273119186590e-04,-1.960499546399818938e+00,3.245700136559593295e-04,1.215439908976633318e-04,1.634929930542636231e-05
1.890630210070023132e-01,3.026170464629243347e-06,6.038433457238136844e-04,-2.043907681427718614e+00,3.019216728619068422e-04,1.321060026707709652e-04,1.639334932298914158e-05
1.893964654884961463e-01,3.220165870832360393e-06,5.555114740673752684e-04,-2.118954810011121292e+00,2.777557370336876342e-04,1.419853020316436359e-04,1.644069353840482844e-05
1.897299099699899794e-01,3.397921215678280786e-06,5.041720061477694649e-04,-2.185142219190368440e+00,2.520860030738847324e-04,1.509939047488311208e-04,1.649104162268253296e-05
1.900633544514838125e-01,3.557930911052562484e-06,4.500734018780253769e-04,-2.241810366744054317e+00,2.250367009390126885e-04,1.589270222455263894e-04,1.654403496121055163e-05
1.903967989329776456e-01,3.699004930189053901e-06,3.935226886594232060e-04,-2.288462287678160401e+00,1.967613443297116030e-04,1.656103671126180098e-04,1.659925682420241940e-05
1.907302434144714787e-01,3.820268807669892638e-06,3.348854613814946854e-04,-2.324763594226054497e+00,1.674427306907473427e-04,1.709061110323586746e-04,1.665624452377972826e-05
1.910636878959653118e-01,3.921163639425505902e-06,2.745858824220227009e-04,-2.350542475848489410e+00,1.372929412110113505e-04,1.747174196738232957e-04,1.671450308319080781e-05
1.913971323774591449e-01,4.001446082734612626e-06,2.131066816470416703e-04,-2.365789699233604271e+00,1.065533408235208352e-04,1.769914442206763972e-04,1.677351990353781371e-05
1.917305768589529780e-01,4.061188356224218810e-06,1.509891564108372178e-04,-2.370658608296924985e+00,7.549457820541860889e-05,1.777207077000654328e-04,1.683277989276757821e-05
1.920640213404468111e-01,4.100778936986023023e-06,8.883091357950955683e-05,-2.365465314973568489e+00,4.441545678975477842e-05,1.769429113332530036e-04,1.689178053009110272e-05
1.923974658219406442e-01,4.120685448664771720e-06,2.689307915464822377e-05,-2.350542903731729805e+00,1.344653957732411188e-05,1.747174832835331616e-04,1.695003911071249036e-05
1.927309103034344773e-01,4.120510557677120519e-06,-3.461953521117358610e-05,-2.325788590586983062e+00,-1.730976760558679305e-05,1.710568504543197299e-04,1.700707707351819986e-05
1.930643547849283104e-01,4.099859876914710933e-06,-9.531484136088700970e-05,-2.291112819081266849e+00,-4.765742068044350485e-05,1.659942141032299471e-04,1.706242692817082850e-05
1.933977992664221157e-01,4.058659557422213243e-06,-1.548289664261066510e-04,-2.246582692546566395e+00,-7.741448321305332550e-05,1.596043844606940599e-04,1.711564612939146392e-05
1.937312437479159488e-01,3.997156288397308713e-06,-2.128262528271498391e-04,-2.192421974104899807e+00,-1.064131264135749196e-04,1.520016465689507745e-04,1.716633023961785587e-05
1.940646882294097819e-01,3.915917297190710762e-06,-2.689992582730071110e-04,-2.129011086668341601e+00,-1.344996291365035555e-04,1.433361865800033576e-04,1.721412490003132855e-05
1.943981327109036150e-01,3.815830349306154804e-06,-3.230687557613619440e-04,-2.056887112939005835e+00,-1.615343778806809720e-04,1.337891561093748193e-04,1.725873615581971656e-05
1.947315771923974481e-01,3.698103748400399089e-06,-3.747837335785861204e-04,-1.976743795409051430e+00,-1.873918667892930602e-04,1.235665065691961251e-04,1.729993872553268539e-05
1.950650216738912812e-01,3.564265844867934853e-06,-4.239215830053096198e-04,-1.889431277351548699e+00,-2.119607915026548099e-04,1.128917487797140008e-04,1.733758185616947103e-05
1.953984661553851143e-01,3.415343883379789442e-06,-4.704830276750880799e-04,-1.795531431519576504e+00,-2.352415138375440399e-04,1.019497168823270698e-04,1.737157642665374053e-05
1.957319106368789474e-01,3.251573111580380941e-06,-5.144580507153107213e-04,-1.695227493079827896e+00,-2.572290253576553607e-04,9.087741691666314375e-05,1.740187899981701658e-05
1.960653551183727805e-01,3.073541165138153214e-06,-5.557004285847939656e-04,-1.588884723466078563e+00,-2.778502142923969828e-04,7.983342817307997853e-05,1.742849901588006681e-05
1.963987995998666136e-01,2.881967318079375381e-06,-5.941127040434575866e-04,-1.476927009718635331e+00,-2.970563520217287933e-04,6.897918609462911840e-05,1.745149974482125565e-05
1.967322440813604467e-01,2.677702482788141400e-06,-6.296461861523247648e-04,-1.359836864484335273e+00,-3.148230930761623824e-04,5.847545651358546364e-05,1.747099806309854419e-05
1.970656885628542798e-01,2.461729210006370906e-06,-6.623009502735223040e-04,-1.238155426016547267e+00,-3.311504751367611520e-04,4.847862913127589664e-05,1.748716299445275378e-05
1.973991330443481129e-01,2.235161688833808374e-06,-6.921258380702803061e-04,-1.112482458175169553e+00,-3.460629190351401530e-04,3.913689285847117794e-05,1.750021297539922348e-05
1.977325775258419460e-01,1.999245746728023110e-06,-7.192184575069320625e-04,-9.834763504266323952e-01,-3.596092287534660313e-04,3.058636324164486046e-05,1.751041182943111575e-05
1.980660220073357791e-01,1.755245323530225180e-06,-7.437296548742764911e-04,-8.517968427981212898e-01,-3.718648274371382455e-04,2.294415416267444661e-05,1.751806243101920374e-05
1.983994664888295845e-01,1.503754512548312866e-06,-7.657684637078682232e-04,-7.177659172476043015e-01,-3.828842318539341116e-04,1.629167224787158338e-05,1.752349479922456061e-05
1.987329109703234176e-01,1.245387403615492798e-06,-7.853092106777592946e-04,-5.817195804241627188e-01,-3.926546053388796473e-04,1.070107392881008134e-05,1.752706301327218203e-05
1.990663554518172507e-01,9.808478813756641293e-07,-8.023304166838349759e-04,-4.440334018306771879e-01,-4.011652083419174879e-04,6.234925681093585808e-06,1.752914201483306766e-05
1.993997999333110838e-01,7.108912873777198291e-07,-8.168251035293578027e-04,-3.051025822646812324e-01,-4.084125517646789013e-04,2.943687927125918874e-06,1.753012357132760539e-05
1.997332444148049169e-01,4.363244200755680691e-07,-8.288007939209650820e-04,-1.653419538183721338e-01,-4.144003969604825410e-04,8.645022553465801199e-07,1.753041183483388811e-05
2.000666888962987500e-01,1.580055348281320117e-07,-8.382795114686696514e-04,-2.518597987861037613e-02,-4.191397557343348257e-04,2.005938916862824831e-08,1.753041852352651088e-05
2.004001333777925831e-01,-1.231556561006497659e-07,-8.452977806858592283e-04,1.149112448730786884e-01,-4.226488903429296141e-04,4.175659324481189822e-07,1.753055775858234510e-05
2.007335778592864162e-01,-4.061979835418251784e-07,-8.499066269892967349e-04,2.544759944605063939e-01,-4.249533134946483675e-04,2.047828771405720288e-06,1.753124059578521304e-05
2.010670223407802493e-01,-6.901454572629888081e-07,-8.521787641920686596e-04,3.930336233133753243e-01,-4.260893820960343298e-04,4.884941983450466474e-06,1.753286945273201352e-05
2.014004668222740824e-01,-9.745337016161627989e-07,-8.522011270327479494e-04,5.303709090596341325e-01,-4.261005635163739747e-04,8.895275222662291139e-06,1.753583553316637753e-05
2.017339113037679155e-01,-1.258589701965085117e-06,-8.497851454689686135e-04,6.661092800166911188e-01,-4.248925727344843068e-04,1.403107571840257826e-05,1.754051411793410231e-05
2.020673557852617486e-01,-1.541355439324626652e-06,-8.447169170948580844e-04,7.997810199418908805e-01,-4.223584585474290422e-04,2.022749892952892519e-05,1.754725886582657443e-05
2.024008002667555817e-01,-1.821867110091297863e-06,-8.368244261905369730e-04,9.309226745619282317e-01,-4.184122130952684865e-04,2.740483661284157213e-05,1.755639685736136806e-05
2.027342447482494148e-01,-2.099155126043251844e-06,-8.259775437221191776e-04,1.059075051572848647e+00,-4.129887718610595888e-04,3.546937003641574299e-05,1.756822392306207423e-05
2.030676892297432479e-01,-2.372244114340282847e-06,-8.120880273417118832e-04,1.183783220640047817e+00,-4.060440136708559416e-04,4.431434757042516882e-05,1.758300029771043169e-05
2.034011337112370532e-01,-2.640152917523802561e-06,-7.951095213874168630e-04,1.304596513398262214e+00,-3.975547606937084315e-04,5.382108232331118459e-05,1.760094664059916496e-05
2.037345781927308863e-01,-2.901894593516930958e-06,-7.750375568833249487e-04,1.421068523451608279e+00,-3.875187784416624743e-04,6.386016553136598700e-05,1.762224046038287948e-05
2.040680226742247194e-01,-3.156476415624363944e-06,-7.519095515395240537e-04,1.532757106373523692e+00,-3.759547757697620268e-04,7.429279144999062728e-05,1.764701298170665434e-05
2.044014671557185525e-01,-3.402899872532458910e-06,-7.258048097520942944e-04,1.639224379706805124e+00,-3.629024048760471472e-04,8.497218953512400397e-05,1.767534648938758911e-05
2.047349116372123856e-01,-3.640350402284709570e-06,-6.968172115975299367e-04,1.740129103475442252e+00,-3.484086057987649684e-04,9.575532645039824223e-05,1.770727557456611487e-05
2.050683561187062187e-01,-3.868264198128188086e-06,-6.648314972017250546e-04,1.835244181868460389e+00,-3.324157486008625273e-04,1.065093444989487426e-04,1.774279052771681500e-05
2.054018006002000518e-01,-4.085107253069246655e-06,-6.296830581498410843e-04,1.923859812127046487e+00,-3.148415290749205422e-04,1.170433774155188515e-04,1.778181799601141907e-05
2.057352450816938849e-01,-4.289423537326475407e-06,-5.912933800731251044e-04,2.005313001945795648e+00,-2.956466900365625522e-04,1.271640465486114594e-04,1.782422014557747834e-05
2.060686895631877180e-01,-4.479934135410350967e-06,-5.496693370438453328e-04,2.079036762560365403e+00,-2.748346685219226664e-04,1.366860954217200171e-04,1.786979736979279031e-05
2.064021340446815511e-01,-4.655537246123236887e-06,-5.049031915752908014e-04,2.144560108747476601e+00,-2.524515957876454007e-04,1.454375154326613656e-04,1.791829270671598556e-05
2.067355785261753842e-01,-4.815308182559383642e-06,-4.571725946217717359e-04,2.201508058824912961e+00,-2.285862973108858680e-04,1.532641423021965444e-04,1.796939778917753703e-05
2.070690230076692173e-01,-4.958499372104930325e-06,-4.067405855786191218e-04,2.249601634651521742e+00,-2.033702927893095609e-04,1.600336231815056842e-04,1.802276011768087272e-05
2.074024674891630504e-01,-5.084540356437900411e-06,-3.539555922821851380e-04,2.288657861627211076e+00,-1.769777961410925690e-04,1.656386747300721502e-04,1.807799141969156838e-05
2.077359119706568835e-01,-5.193037791528206840e-06,-2.992514310098428861e-04,2.318589768692953967e+00,-1.496257155049214430e-04,1.699995728775252808e-04,1.813467683912388761e-05
2.080693564521507166e-01,-5.283766577205896255e-06,-2.429395343245684905e-04,2.339387384116927926e+00,-1.214697671622842453e-04,1.730630235889545673e-04,1.819238374929026030e-05
2.084028009336445220e-01,-5.355972900608456377e-06,-1.850152656183767297e-04,2.350755759889565866e+00,-9.250763280918836487e-05,1.747491282077908499e-04,1.825065288173700854e-05
2.087362454151383551e-01,-5.408611599512479093e-06,-1.257636835750429872e-04,2.352274437207166002e+00,-6.288184178752149361e-05,1.749749902620400610e-04,1.830899732663932204e-05
2.090696898966321882e-01,-5.440937782136710181e-06,-6.550679563524817528e-05,2.343674601996927898e+00,-3.275339781762408764e-05,1.736979237855093246e-04,1.836691594077253479e-05
2.094031343781260213e-01,-5.452514401285520336e-06,-4.594120385812826713e-06,2.324842201642592698e+00,-2.297060192906413357e-06,1.709176689516437838e-04,1.842390749427424913e-05
2.097365788596198544e-01,-5.443212254348900936e-06,5.659731244029816196e-05,2.295817944984440917e+00,2.829865622014908098e-05,1.666766996112521108e-04,1.847948491995322874e-05
2.100700233411136875e-01,-5.413209983302459804e-06,1.176629619639756930e-04,2.256797302319293763e+00,5.883148098198784652e-05,1.610590407005706170e-04,1.853318916826952287e-05
2.104034678226075206e-01,-5.362994074707426291e-06,1.781707761599662238e-04,2.208130505400511812e+00,8.908538807998311188e-05,1.541876094656627989e-04,1.858460217576057700e-05
2.107369123041013537e-01,-5.293353151484936524e-06,2.376701044768368427e-04,2.150319066361085607e+00,1.188350522384184213e-04,1.462196740468959123e-04,1.863335831915734089e-05
2.110703567855951868e-01,-5.204839676204385716e-06,2.959755694146084257e-04,2.083726505455480549e+00,1.479877847073042129e-04,1.373034444200740617e-04,1.867914139498930953e-05
2.114038012670890199e-01,-5.097398089153314499e-06,3.528016066277786349e-04,2.008417044402145635e+00,1.764008033138893174e-04,1.275580280331952050e-04,1.872167491550721561e-05
2.117372457485828530e-01,-4.971168037100588482e-06,4.077710123786689139e-04,1.924555870234106569e+00,2.038855061893344570e-04,1.171280860092260211e-04,1.876073062941492655e-05
2.120706902300766861e-01,-4.826556072997534166e-06,4.605465430424540403e-04,1.832435688284622666e+00,2.302732715212270202e-04,1.061836091749244896e-04,1.879613696791940204e-05
2.124041347115705192e-01,-4.664235655977933012e-06,5.108309151071619087e-04,1.732476722187189289e+00,2.554154575535809543e-04,9.491499215033035028e-05,1.882778584826295956e-05
2.127375791930643523e-01,-4.485147151358026526e-06,5.583668051736736387e-04,1.625226713875536078e+00,2.791834025868368194e-04,8.352719638648148728e-05,1.885563753095268328e-05
2.130710236745581854e-01,-4.290497830636513716e-06,6.029368499557234131e-04,1.511360923583628280e+00,3.014684249778617066e-04,7.223312076947513373e-05,1.887972326645434356e-05
2.134044681560520185e-01,-4.081761871494551940e-06,6.443636462798987483e-04,1.391682129845666083e+00,3.221818231399493741e-04,6.124633440406505630e-05,1.890014551867310558e-05
2.137379126375458238e-01,-3.860475634672195236e-06,6.825609502691603681e-04,1.267014590493730664e+00,3.412804751345801840e-04,5.076486460200710583e-05,1.891707278262842672e-05
2.140713571190396569e-01,-3.627344101764284791e-06,7.175355522621024162e-04,1.137755828663971513e+00,3.587677761310512081e-04,4.093531513579721175e-05,1.893072243755866888e-05
2.144048016005334900e-01,-3.383184236336488131e-06,7.491051658197996413e-04,1.004367564079164721e+00,3.745525829098998206e-04,3.189960883196458065e-05,1.894135918608550077e-05
2.147382460820273231e-01,-3.128950746942221533e-06,7.771281496412147608e-04,8.673729687083306938e-01,3.885640748206073804e-04,2.379094904670211045e-05,1.894929214675462428e-05
2.150716905635211562e-01,-2.865703702451136975e-06,8.015210932246037354e-04,7.273392542800608540e-01,4.007605466123018677e-04,1.672915688208437203e-05,1.895487039179699897e-05
2.154051350450149893e-01,-2.594608532049124244e-06,8.222588168675155516e-04,5.848776722825184127e-01,4.111294084337577758e-04,1.081757923548061978e-05,1.895847745389619315e-05
2.157385795265088224e-01,-2.316936025238307982e-06,8.393743716667922223e-04,4.406435139634379272e-01,4.196871858333961112e-04,6.140090379910151960e-06,1.896052483314924865e-05
2.160720240080026555e-01,-2.034062331837049370e-06,8.529590395185687865e-04,2.953361103301253010e-01,4.264795197592843932e-04,2.758246663902487014e-06,1.896144455527792866e-05
2.164054684894964886e-01,-1.747468961979947405e-06,8.631623331182735259e-04,1.496988321494583385e-01,4.315811665591367629e-04,7.086582126921286405e-07,1.896168085344821592e-05
2.167389129709903217e-01,-1.458356555385923180e-06,8.701950765906858731e-04,4.325701238028639706e-03,4.350975382953429366e-04,5.917156306788752687e-10,1.896168105075252667e-05
2.170723574524841548e-01,-1.167392982461204984e-06,8.741261627668710796e-04,-1.404523793761633943e-01,4.370630813834355398e-04,6.238184306489819329e-07,1.896188905956567984e-05
2.174058019339779879e-01,-8.756626610751239992e-07,8.749123240383510983e-04,-2.840945217223849184e-01,4.374561620191755491e-04,2.552264726443191199e-06,1.896274009815402545e-05
2.177392464154718210e-01,-5.842301888020504997e-07,8.725477479019288574e-04,-4.260771337294561034e-01,4.362738739509644287e-04,5.740853378366604783e-06,1.896465435403210689e-05
2.180726908969656541e-01,-2.941299623009274285e-07,8.670655166024106774e-04,-5.658991985134990133e-01,4.335327583012053387e-04,1.012693815321608847e-05,1.896803112567372286e-05
2.184061353784594872e-01,-6.366177315272094202e-09,8.585376071326057288e-04,-7.030822743779377992e-01,4.292688035663028644e-04,1.563191906804707674e-05,1.897324350282212290e-05
2.187395798599532926e-01,2.780871713268031836e-07,8.470748912333276584e-04,-8.371704948134880420e-01,4.235374456166638292e-04,2.216296330376449700e-05,1.898063362062931032e-05
2.190730243414471257e-01,5.582862897126824475e-07,8.328271353933905776e-04,-9.677305684982004941e-01,4.164135676966952888e-04,2.961480786465743852e-05,1.899050851488228125e-05
2.194064688229409588e-01,8.333175848451054949e-07,8.159830008496143754e-04,-1.094351779297393801e+00,4.079915004248071877e-04,3.787162120316796325e-05,1.900313659797770122e-05
2.197399133044347919e-01,1.102301809578732841e-06,7.967697135838312534e-04,-1.216648026846100183e+00,3.983848567919156267e-04,4.680905917507864053e-05,1.901874482044354803e-05
2.200733577859286250e-01,1.364927017014796937e-06,7.753143596100185589e-04,-1.334514015106536222e+00,3.876571798050092795e-04,5.631787742575839574e-05,1.903752370588061374e-05
2.204068022674224581e-01,1.620396510874178259e-06,7.515036846024093125e-04,-1.447592370456508126e+00,3.757518423012046562e-04,6.626627691169641871e-05,1.905961983022596187e-05
2.207402467489162912e-01,1.867487313444349615e-06,7.252447013183468180e-04,-1.555318611445126287e+00,3.626223506591734090e-04,7.649600202971399668e-05,1.908512699995911047e-05
2.210736912304101243e-01,2.105104449666715636e-06,6.964897857204075792e-04,-1.657198370706339574e+00,3.482448928602037896e-04,8.684583502782978613e-05,1.911408526438986173e-05
2.214071357119039574e-01,2.332280947136617221e-06,6.652366769764020589e-04,-1.752807394958935339e+00,3.326183384882010294e-04,9.715572425917650442e-05,1.914648130448962012e-05
2.217405801933977905e-01,2.548177836103328361e-06,6.315284774593738111e-04,-1.841791545006539632e+00,3.157642387296869056e-04,1.072706593094344075e-04,1.918225011386255727e-05
2.220740246748916236e-01,2.752084149470056990e-06,5.954536527476000235e-04,-1.923866795737616542e+00,2.977268263738000117e-04,1.170442271519144786e-04,1.922127786549707171e-05
2.224074691563854567e-01,2.943416922793944555e-06,5.571460316245914089e-04,-1.998819236125469079e+00,2.785730158122957044e-04,1.263417943664210327e-04,1.926340583961058347e-05
2.227409136378792898e-01,3.121721194286067293e-06,5.167848060790922052e-04,-2.066505069228238956e+00,2.583924030395461026e-04,1.350432713400196274e-04,1.930843527320178868e-05
2.230743581193731229e-01,3.286670004811435802e-06,4.745945313050801214e-04,-2.126850612188905476e+00,2.372972656525400607e-04,1.430454252498328347e-04,1.935613298085428000e-05
2.234078026008669560e-01,3.438242372379402505e-06,4.306838824497273414e-04,-2.179928842512679044e+00,2.153419412248636707e-04,1.502742728216230859e-04,1.940624110783714971e-05
2.237412470823607613e-01,3.575650640868746225e-06,3.848916084253485668e-04,-2.225413980511952161e+00,1.924458042126742834e-04,1.566107697321667653e-04,1.945846210474684492e-05
2.240746915638545944e-01,3.697507542033012478e-06,3.371678022519302852e-04,-2.262690929818611973e+00,1.685839011259651426e-04,1.619013506742733859e-04,1.951244721667557644e-05
2.244081360453484275e-01,3.802673551453142629e-06,2.875321515762730828e-04,-2.291273060848224574e+00,1.437660757881365414e-04,1.660174343795368360e-04,1.956780481400119683e-05
2.247415805268422606e-01,3.890259314150227489e-06,2.360733533475927229e-04,-2.310803373134856731e+00,1.180366766737963615e-04,1.688596892218220745e-04,1.962411014551897765e-05
2.250750250083360937e-01,3.959625644585498418e-06,1.829491138175237783e-04,-2.321054495331070111e+00,9.147455690876188914e-05,1.703611937102865307e-04,1.968091614542237416e-05
2.254084694898299268e-01,4.010383526660326055e-06,1.283861485401194681e-04,-2.321928685207923948e+00,6.419307427005973405e-05,1.704895457821477343e-04,1.973776494361581893e-05
2.257419139713237599e-01,4.042394113716219475e-06,7.268018237185220037e-05,-2.313457829654971931e+00,3.634009118592610018e-05,1.692478556518314803e-04,1.979419970708758833e-05
2.260753584528175930e-01,4.055768728534828724e-06,1.619594947161270447e-05,-2.295803444680265315e+00,8.097974735806352234e-06,1.666745941697329023e-04,1.984977643071870866e-05
2.264088029343114261e-01,4.050868863337941437e-06,-4.063280669928920992e-05,-2.269256675410349811e+00,-2.031640334964460496e-05,1.628423058404125223e-04,1.990407529895492516e-05
2.267422474158052592e-01,4.028134694878215922e-06,-9.752409969847871741e-05,-2.234137112020091021e+00,-4.876204984923935870e-05,1.578409352909162686e-04,1.995670648778150499e-05
2.270756918972990923e-01,3.987097801401897948e-06,-1.545756384716837832e-04,-2.190282963747689493e+00,-7.728781923584189160e-05,1.517051940666058556e-04,2.000729174755696364e-05
2.274091363787929254e-01,3.927104280718843320e-06,-2.115246385082299207e-04,-2.137462731791100801e+00,-1.057623192541149603e-04,1.444764635105636613e-04,2.005546662702030491e-05
2.277425808602867585e-01,3.847800432368939292e-06,-2.680782838211227901e-04,-2.075594214511500724e+00,-1.340391419105613951e-04,1.362338101292542706e-04,2.010089303920078318e-05
2.280760253417805916e-01,3.749133652810704043e-06,-3.239301184417842094e-04,-2.004743801205500997e+00,-1.619650592208921047e-04,1.270918666976853743e-04,2.014327112079387927e-05
2.284094698232744247e-01,3.631352435421289214e-06,-3.787600464200522763e-04,-1.925126472105150865e+00,-1.893800232100261382e-04,1.171975497370679296e-04,2.018234999699830326e-05
2.287429143047682301e-01,3.495006370496491348e-06,-4.322343318241769500e-04,-1.837105798377943966e+00,-2.161171659120884750e-04,1.067255338436713820e-04,2.021793703729295947e-05
2.290763587862620632e-01,3.340946145250704449e-06,-4.840055987408378052e-04,-1.741193942126788130e+00,-2.420027993704189026e-04,9.587255358018105056e-05,2.024990521121099022e-05
2.294098032677558963e-01,3.170323543816988176e-06,-5.337128312751174145e-04,-1.638051656390050681e+00,-2.668564156375587072e-04,8.485065251541882940e-05,2.027819819304340937e-05
2.297432477492497294e-01,2.984421439643125135e-06,-5.810659269338339095e-04,-1.528397432511857001e+00,-2.905329634669169547e-04,7.387076540218967665e-05,2.030282999211049480e-05
2.300766922307435625e-01,2.783645694311984117e-06,-6.260258418902273428e-04,-1.412490223612315354e+00,-3.130129209451136714e-04,6.309150701504610012e-05,2.032386750695379298e-05
2.304101367122373956e-01,2.568423366188894806e-06,-6.682780464232714913e-04,-1.290613895391526045e+00,-3.341390232116357457e-04,5.267356019866382630e-05,2.034143121492266675e-05
2.307435811937312287e-01,2.339416160484571628e-06,-7.075201375207190984e-04,-1.163164332147435642e+00,-3.537600687603595492e-04,4.278407556115583184e-05,2.035569732881435212e-05
2.310770256752250618e-01,2.097486377500307485e-06,-7.434984775629200791e-04,-1.030629902928753783e+00,-3.717492387814600396e-04,3.358964995990815303e-05,2.036689761222879207e-05
2.314104701567188949e-01,1.843696912627973969e-06,-7.760081943228218457e-04,-8.935914615349533907e-01,-3.880040971614109229e-04,2.525096737032436211e-05,2.037531740795080773e-05
2.317439146382127280e-01,1.579311256350018394e-06,-8.048931809659693078e-04,-7.527223465162704574e-01,-4.024465904829846539e-04,1.791717843381253008e-05,2.038129179222350476e-05
2.320773591197065611e-01,1.305793494239468037e-06,-8.300460960505050886e-04,-6.087883811737043738e-01,-4.150230480252525443e-04,1.172013759956692968e-05,2.038519980742842748e-05
2.324108036012003942e-01,1.024808306959926953e-06,-8.514083635271683329e-04,-4.626478735590184854e-01,-4.257041817635841665e-04,6.768635708519174678e-06,2.038745677165267365e-05
2.327442480826942273e-01,7.378823348370989813e-07,-8.690250083498441943e-04,-3.150786101640501990e-01,-4.345125041749220971e-04,3.139336302860373218e-06,2.038850356601841463e-05
2.330776925641880604e-01,4.458251160496954039e-07,-8.829221276201490009e-04,-1.664953267711049567e-01,-4.414610638100745004e-04,8.766053084390128215e-07,2.038879586522096386e-05
2.334111370456818935e-01,1.498314342525686278e-07,-8.929438558574131438e-04,-1.751175286618866789e-02,-4.464719279287065719e-04,9.697487741482463212e-09,2.038879909879473570e-05
2.337445815271756988e-01,-1.488624500421285776e-07,-8.989935293386304947e-04,1.312465337408104116e-01,-4.494967646693152474e-04,5.447229645881407433e-07,2.038898073366122212e-05
2.340780260086695319e-01,-4.490009202206349428e-07,-9.010407840547606569e-04,2.791536258327160791e-01,-4.505203920273803285e-04,2.464260105844176622e-06,2.038980242759448120e-05
2.344114704901633650e-01,-7.493090035674308793e-07,-8.991215557107264719e-04,4.255832867849905776e-01,-4.495607778553632359e-04,5.727553158032034501e-06,2.039171224858748967e-05
2.347449149716571981e-01,-1.048492371265339171e-06,-8.933380797254158621e-04,5.699089505657831678e-01,-4.466690398627079311e-04,1.027095805109340569e-05,2.039513704286928121e-05
2.350783594531510312e-01,-1.345237338395497444e-06,-8.838588912316812894e-04,7.115037217359190258e-01,-4.419294456158406447e-04,1.600863682593605314e-05,2.040047503447512919e-05
2.354118039346448643e-01,-1.638210863937360921e-06,-8.709188250763400798e-04,8.497403754488972449e-01,-4.354594125381700399e-04,2.283350114264115494e-05,2.040808873942432563e-05
2.357452484161386974e-01,-1.926144328225011276e-06,-8.548113871185334355e-04,9.840326365859827229e-01,-4.274056935592667177e-04,3.062097430795502928e-05,2.041829913432527787e-05
2.360786928976325305e-01,-2.208558668010430268e-06,-8.356844443541763421e-04,1.114183899105717801e+00,-4.178422221770881711e-04,3.925669705298175316e-05,2.043138906331926915e-05
2.364121373791263636e-01,-2.484271910551361741e-06,-8.135334739795078421e-04,1.239642515023865910e+00,-4.067667369897539210e-04,4.859514976850171634e-05,2.044759284783694277e-05
2.367455818606201967e-01,-2.751975824236902458e-06,-7.883951158179836787e-04,1.359800643470052250e+00,-3.941975579089918393e-04,5.847234141619028037e-05,2.046709012740219365e-05
2.370790263421140298e-01,-3.010511985099035069e-06,-7.603522555884112757e-04,1.474132112470893041e+00,-3.801761277942056379e-04,6.871836437355062087e-05,2.049000388677983637e-05
2.374124708236078629e-01,-3.258871776812630223e-06,-7.295340249049498457e-04,1.582192418949997403e+00,-3.647670124524749228e-04,7.916233549363754904e-05,2.051640013069235460e-05
2.377459153051016960e-01,-3.496196390695443180e-06,-6.961158012771112569e-04,1.683618728727964697e+00,-3.480579006385556284e-04,8.963703786759313083e-05,2.054628910630675826e-05
2.380793597865955291e-01,-3.721776825708119321e-06,-6.603192081097582992e-04,1.778129876522388075e+00,-3.301596040548791496e-04,9.998318293192420120e-05,2.057962794689759554e-05
2.384128042680893622e-01,-3.935053888454186945e-06,-6.224121147031066352e-04,1.865526365947850262e+00,-3.112060573515533176e-04,1.100532273267011490e-04,2.061632458822026850e-05
2.387462487495831676e-01,-4.135618193180047103e-06,-5.827086362527266437e-04,1.945690369515920670e+00,-2.913543181263633219e-04,1.197146936751096485e-04,2.065624279217995968e-05
2.390796932310770007e-01,-4.323347866663230569e-06,-5.414838012356697639e-04,2.018648237062277140e+00,-2.707419006178348820e-04,1.288609395791533413e-04,2.069921076136273797e-05
2.394131377125708338e-01,-4.497958852578539798e-06,-4.986566498626625885e-04,2.084324109789548629e+00,-2.493283249313312942e-04,1.373822118586092626e-04,2.074502010176240628e-05
2.397465821940646669e-01,-4.658227908266854922e-06,-4.542181516237676800e-04,2.142181920486477598e+00,-2.271090758118838400e-04,1.451151313580347965e-04,2.079340794149499901e-05
2.400800266755585000e-01,-4.803101030518308295e-06,-4.082133341552487082e-04,2.191774992338356043e+00,-2.041066670776243541e-04,1.519119487054786945e-04,2.084406214246381506e-05
2.404134711570523331e-01,-4.931757149992175681e-06,-3.607271794883724382e-04,2.232776727138962247e+00,-1.803635897441862191e-04,1.576487724669922870e-04,2.089662925565720852e-05
2.407469156385461662e-01,-5.043608131216877955e-06,-3.118846240494091643e-04,2.264980605290560334e+00,-1.559423120247045822e-04,1.622291807882940114e-04,2.095072368072833349e-05
2.410803601200399993e-01,-5.138298772589981945e-06,-2.618505586596326555e-04,2.288300185803900266e+00,-1.309252793298163278e-04,1.655869061185269550e-04,2.100593772078119176e-05
2.414138046015338324e-01,-5.215706806378196198e-06,-2.108298285353199931e-04,2.302769106298218738e+00,-1.054149142676599966e-04,1.676875381220998271e-04,2.106185220498329232e-05
2.417472490830276655e-01,-5.275942898717375216e-06,-1.590672332877517332e-04,2.308541083001238281e+00,-7.953361664387586659e-05,1.685292218021349256e-04,2.111804734396366301e-05
2.420806935645214986e-01,-5.319350649612518609e-06,-1.068475269232116898e-04,2.305889910749168159e+00,-5.342376346160584489e-05,1.681423597765823363e-04,2.117411348593651346e-05
2.424141380460153317e-01,-5.346392210023397249e-06,-5.437551437967505085e-05,2.295143657642020329e+00,-2.718775718983752542e-05,1.665788072807593745e-04,2.122965826995810727e-05
2.427475825275091648e-01,-5.356646017827516511e-06,-1.476058258811428054e-06,2.276162086314183597e+00,-7.380291294057140269e-07,1.638348810552667657e-04,2.128428810692218460e-05
2.430810270090029979e-01,-5.349325582773202609e-06,5.176111336302748295e-05,2.248640654152391782e+00,2.588055668151374147e-05,1.598969266739740753e-04,2.133760485472944920e-05
2.434144714904968310e-01,-5.323891175732208985e-06,1.051917933998980836e-04,2.212399926992496546e+00,5.259589669994904181e-05,1.547844295461322389e-04,2.138921686858277551e-05
2.437479159719906363e-01,-5.280054424287962736e-06,1.586468466770251740e-04,2.167385718799473615e+00,7.932342333851258699e-05,1.485499174606249857e-04,2.143875001878638306e-05
2.440813604534844694e-01,-5.217778312735550215e-06,2.119322099308198148e-04,2.113669091667405908e+00,1.059661049654099074e-04,1.412778227966305072e-04,2.148585832915538260e-05
2.444148049349783025e-01,-5.137277182081739053e-06,2.648288918088528322e-04,2.051446355819506628e+00,1.324144459044264161e-04,1.330823097482543868e-04,2.153023389092538777e-05
2.447482494164721356e-01,-5.039016730044962067e-06,3.170929728698724365e-04,1.981039069608106162e+00,1.585464864349362183e-04,1.241040862649861378e-04,2.157161571362128003e-05
2.450816938979659687e-01,-4.923714011055324036e-06,3.684556055837994782e-04,1.902894039514652524e+00,1.842278027918997391e-04,1.145062551347115798e-04,2.160979719249247189e-05
2.454151383794598018e-01,-4.792292278141127539e-06,4.186516855585728286e-04,1.817558695333561847e+00,2.093258427792864143e-04,1.044664626573853699e-04,2.164463095796675661e-05
2.457485828609536349e-01,-4.645029042637857840e-06,4.676628973025162344e-04,1.725237321665826107e+00,2.338314486512581172e-04,9.412341786300285962e-05,2.167601589223251744e-05
2.460820273424474680e-01,-4.481831333319746536e-06,5.152743959375991403e-04,1.625958957863817389e+00,2.576371979687995702e-04,8.360247950260072845e-05,2.170389267766186081e-05
2.464154718239413011e-01,-4.302855746857211853e-06,5.612104189377043265e-04,1.519877564490738298e+00,2.806052094688521632e-04,7.304949341226723235e-05,2.172825062811609945e-05
2.467489163054351342e-01,-4.108487831457775712e-06,6.052073911854536801e-04,1.407256527216902420e+00,3.026036955927268401e-04,6.262482761520470965e-05,2.174913253128889267e-05
2.470823607869289673e-01,-3.899342086866066279e-06,6.470139249722080873e-04,1.288468656819733660e+00,3.235069624861040436e-04,5.249859936456218400e-05,2.176663789953316112e-05
2.474158052684228004e-01,-3.676261964363817958e-06,6.863908199980671074e-04,1.163996189183765573e+00,3.431954099990335537e-04,4.284529298297563599e-05,2.178092442603631781e-05
2.477492497499166335e-01,-3.440319866769870550e-06,7.231110633718700574e-04,1.034430785300644029e+00,3.615555316859350287e-04,3.383785880208669075e-05,2.179220747331943965e-05
2.480826942314104666e-01,-3.192817148440169250e-06,7.569598296111943857e-04,9.004735312691233284e-01,3.784799148055971929e-04,2.564141001056529829e-05,2.180075745998518114e-05
2.484161387129042997e-01,-2.935164911207596929e-06,7.877799085636938512e-04,7.628722559200638020e-01,3.938899542818469256e-04,1.840363628352544744e-05,2.180689405094334289e-05
2.487495831943981051e-01,-2.668111356307020673e-06,8.155373737577264505e-04,6.220299097723617221e-01,4.077686868788632252e-04,1.223552294363709912e-05,2.181097391854708978e-05
2.490830276758919382e-01,-2.392459747076987836e-06,8.399604386557426444e-04,4.783873121855055088e-01,4.199802193278713222e-04,7.237012212516680100e-06,2.181338706033185426e-05
2.494164721573857713e-01,-2.109175000339865206e-06,8.608002342171346176e-04,3.324595555153726512e-01,4.304001171085673088e-04,3.495245134407137442e-06,2.181455253053339260e-05
2.497499166388796044e-01,-1.819342550475473551e-06,8.778649452204144270e-04,1.848131786578538494e-01,4.389324726102072135e-04,1.080104743357708145e-06,2.181491268549949817e-05
2.500833611203734375e-01,-1.524168349421109221e-06,8.910198102632116163e-04,3.606616704886433933e-02,4.455099051316058082e-04,4.113390870070931593e-08,2.181492640137435603e-05
2.504168056018672983e-01,-1.224978866671521491e-06,9.001871217622740839e-04,-1.131120473356677092e-01,4.500935608811370420e-04,4.045924054557904812e-07,2.181506131047920570e-05
2.507502500833611037e-01,-9.232210892790338923e-07,9.053462259534647213e-04,-2.620005859797407410e-01,4.526731129767323607e-04,2.170723586937412670e-06,2.181578512628011806e-05
2.510836945648549090e-01,-6.204625218533210269e-07,9.065335228917678102e-04,-4.098271238273905048e-01,4.532667614458839051e-04,5.311306895666085108e-06,2.181755615225400177e-05
2.514171390463487699e-01,-3.183368191061959936e-07,9.038508232527859166e-04,-5.557955462872563590e-01,4.519254116263929583e-04,9.768550471191119817e-06,2.182081342150081143e-05
2.517505835278425752e-01,-1.762058920649296166e-08,8.974858285790103659e-04,-6.995483084113309769e-01,4.487429142895051830e-04,1.547516974758938768e-05,2.182597353145332666e-05
2.520840280093364361e-01,2.804528507077660816e-07,8.873439607884349954e-04,-8.404878771354211686e-01,4.436719803942174977e-04,2.233895778696398944e-05,2.183342233364971371e-05
2.524174724908302414e-01,5.744043436016021198e-07,8.733209485177846274e-04,-9.778980520867164294e-01,4.366604742588923137e-04,3.024037428212663213e-05,2.184350581957239203e-05
2.527509169723241023e-01,8.628434734828293877e-07,8.553917774505959224e-04,-1.111116389029978002e+00,4.276958887252979612e-04,3.904083583556292486e-05,2.185652377083466575e-05
2.530843614538179076e-01,1.144468565401665366e-06,8.336106903172361363e-04,-1.239534199867357245e+00,4.168053451586180682e-04,4.858665802796708174e-05,2.187272472382831927e-05
2.534178059353117685e-01,1.418066685451111732e-06,8.081111868948788338e-04,-1.362596552638570602e+00,4.040555934474394169e-04,5.871304056088661805e-05,2.189230226319507409e-05
2.537512504168055738e-01,1.682513640766585482e-06,7.791060240075334872e-04,-1.479802271520731960e+00,3.895530120037667436e-04,6.924802304302775716e-05,2.191539263433313003e-05
2.540846948982994347e-01,1.936773979526273408e-06,7.468872155260112156e-04,-1.590703936828512965e+00,3.734436077630056078e-04,8.001634538654011568e-05,2.194207364313157529e-05
2.544181393797932400e-01,2.179900990950791171e-06,7.118260323679633829e-04,-1.694907885013989812e+00,3.559130161839816914e-04,9.084315317617096340e-05,2.197236479123967112e-05
2.547515838612871009e-01,2.411052425269616717e-06,6.743690080777864533e-04,-1.792081769904310118e+00,3.371845040388932267e-04,1.015583517689070320e-04,2.200622886318662051e-05
2.550850283427809062e-01,2.630140972821610098e-06,6.346928282273548230e-04,-1.882255484541808022e+00,3.173464141136774115e-04,1.120358833037789366e-04,2.204358661020355354e-05
2.554184728242747671e-01,2.836189107043483314e-06,5.927663926566902530e-04,-1.965005386032794288e+00,2.963831963283451265e-04,1.221033249475093365e-04,2.208430129007934905e-05
2.557519173057685724e-01,3.027820232969648760e-06,5.486734457596174333e-04,-2.039719136392154741e+00,2.743367228798087166e-04,1.315651123166341205e-04,2.212817095073844420e-05
2.560853617872623778e-01,3.203915426072783625e-06,5.025456143291256225e-04,-2.105918108912451014e+00,2.512728071645628112e-04,1.402435699213475475e-04,2.217493439519371094e-05
2.564188062687562386e-01,3.363613432263718510e-06,4.545624075573872960e-04,-2.163257388163872363e+00,2.272812037786936480e-04,1.479845551322145141e-04,2.222427902844886449e-05
2.567522507502500440e-01,3.506310667891363733e-06,4.049512170357845464e-04,-2.211525769994212798e+00,2.024756085178922732e-04,1.546621377671205646e-04,2.227585026478334754e-05
2.570856952317439048e-01,3.631661219742894830e-06,3.539873167548518917e-04,-2.250645761528936362e+00,1.769936583774259459e-04,1.601822132095273501e-04,2.232926213981153529e-05
2.574191397132377102e-01,3.739576845043558162e-06,3.019938631043421950e-04,-2.280673581171110520e+00,1.509969315521710975e-04,1.644849865452643238e-04,2.238410875086364188e-05
2.577525841947315710e-01,3.830226971456839475e-06,2.493418948731593353e-04,-2.301799158601459894e+00,1.246709474365796677e-04,1.675463047813542054e-04,2.243997614158766896e-05
2.580860286762253764e-01,3.904038577667035783e-06,1.964489228117295380e-04,-2.314345975343955697e+00,9.822446140586476898e-05,1.693778304497641461e-04,2.249645424443853789e-05
2.584194731577192372e-01,3.961309964824893857e-06,1.433473740942399553e-04,-2.318547763242349458e+00,7.167368704711997766e-05,1.699934132333549884e-04,2.255313760997150238e-05
2.587529176392130426e-01,4.001353584560732956e-06,8.994031291329793014e-05,-2.314137805773806456e+00,4.497015645664896507e-05,1.693473616047511099e-04,2.260960555315414606e-05
2.590863621207069034e-01,4.023487301998172518e-06,3.637366762828278901e-05,-2.300868364781364583e+00,1.818683381414139451e-05,1.674108285535491462e-04,2.266542777007763779e-05
2.594198066022007088e-01,4.027283247050172588e-06,-1.719603487172860858e-05,-2.278618226140033176e+00,-8.598017435864304292e-06,1.641886506645685103e-04,2.272017556956565661e-05
2.597532510836945696e-01,4.012567814419063464e-06,-7.060166916803304812e-05,-2.247392699756775691e+00,-3.530083458401652406e-05,1.597194961890574050e-04,2.277343315415687064e-05
2.600866955651883750e-01,3.979421663596538079e-06,-1.236655113122299855e-04,-2.207323619570538131e+00,-6.183275565611499273e-05,1.540749448691532987e-04,2.282480859425995952e-05
2.604201400466822358e-01,3.928179718863634207e-06,-1.761992388262921690e-04,-2.158669343552210407e+00,-8.809961941314608451e-05,1.473575010027427970e-04,2.287394413977604374e-05
2.607535845281760412e-01,3.859431169290778512e-06,-2.280039307024954920e-04,-2.101814753704675187e+00,-1.140019653512477460e-04,1.396975766718543805e-04,2.292052552579533633e-05
2.610870290096699020e-01,3.774019468737719631e-06,-2.788700674034886250e-04,-2.037271256062748392e+00,-1.394350337017443125e-04,1.312495174936185440e-04,2.296428995310231222e-05
2.614204734911637074e-01,3.672804055333575767e-06,-3.286677786657017306e-04,-1.965551067487741443e+00,-1.643338893328508653e-04,1.221711504832402823e-04,2.300502724902870089e-05
2.617539179726575127e-01,3.555640780524467142e-06,-3.774584769203766211e-04,-1.886648435098004395e+00,-1.887292384601883105e-04,1.125594492378705948e-04,2.304255957621705235e-05
2.620873624541513736e-01,3.422438063991364980e-06,-4.250736355866729065e-04,-1.800596913864941362e+00,-2.125368177933364532e-04,1.025257613225310171e-04,2.307674622554100241e-05
2.624208069356451789e-01,3.273325304484054297e-06,-4.713326786863001184e-04,-1.707537679610845238e+00,-2.356663393431500592e-04,9.220205309661329708e-05,2.310749049132846897e-05
2.627542514171390398e-01,3.108630723812451490e-06,-5.160605518254700189e-04,-1.607707181470007018e+00,-2.580302759127350094e-04,8.173609844281060294e-05,2.313474494229305852e-05
2.630876958986328451e-01,2.928881366846802962e-06,-5.590877221948351797e-04,-1.501437141888838589e+00,-2.795438610974175899e-04,7.128765191742494726e-05,2.315851541642357860e-05
2.634211403801267060e-01,2.734803101517468286e-06,-6.002501785695483431e-04,-1.389154556625741943e+00,-3.001250892847741715e-04,6.102406523313673345e-05,2.317886355421388582e-05
2.637545848616205113e-01,2.527320618815154406e-06,-6.393894313092053378e-04,-1.271381694751249292e+00,-3.196947156546026689e-04,5.111541703338254598e-05,2.319590770794292239e-05
2.640880293431143722e-01,2.307557025538860344e-06,-6.763527957395224161e-04,-1.148735875136309703e+00,-3.381763978697612080e-04,4.172922977152234477e-05,2.320982208932722670e-05
2.644214738246081775e-01,2.076444841085902338e-06,-7.110966298436726968e-04,-1.021727344339039334e+00,-3.555483149218363484e-04,3.301186291511545406e-05,2.322082971284010155e-05
2.647549183061020384e-01,1.834393011260622423e-06,-7.434749869712606232e-04,-8.906062205636635642e-01,-3.717374934856303116e-04,2.508253623954258203e-05,2.322919334613104752e-05
2.650883627875958437e-01,1.581955420860078017e-06,-7.732408683244491442e-04,-7.556970542956895631e-01,-3.866204341622245721e-04,1.805907321372831763e-05,2.323521504443505883e-05
2.654218072690897046e-01,1.319840732684279802e-06,-8.001765431376196142e-04,-6.173948249848438818e-01,-4.000882715688098071e-04,1.205385519175978569e-05,2.323923433592947797e-05
2.657552517505835099e-01,1.048912387536526514e-06,-8.240935486773315680e-04,-4.761649410452524211e-01,-4.120467743386657840e-04,7.169928622540882648e-06,2.324162510906136996e-05
2.660886962320773708e-01,7.701886042230553352e-07,-8.448326902423591508e-04,-3.325432398552558011e-01,-4.224163451211795754e-04,3.497004952042761509e-06,2.324279116606438295e-05
2.664221407135711761e-01,4.848423795534052635e-07,-8.622640411636588089e-04,-1.871359877575978770e-01,-4.311320205818294045e-04,1.107425775893036138e-06,2.324316043107801661e-05
2.667555851950649815e-01,1.942014883400910106e-07,-8.762869428043950932e-04,-4.061988005925853962e-02,-4.381434714021975466e-04,5.217677994603088612e-08,2.324317782913735530e-05
2.670890296765588423e-01,-1.002515166012587221e-07,-8.868300045599277577e-04,1.062579589684753412e-01,-4.434150022799638788e-04,3.570449864780374507e-07,2.324329688381774223e-05
2.674224741580526477e-01,-3.972758918427641576e-07,-8.939359545701919870e-04,2.528835048371045335e-01,-4.469679772850959935e-04,2.022278682994989761e-06,2.324397120148462880e-05
2.677559186395465085e-01,-6.960993430081300789e-07,-8.975725788920953024e-04,3.988779032439654371e-01,-4.487862894460476512e-04,5.031297020509913196e-06,2.324564885971087339e-05
2.680893631210403139e-01,-9.954667606649167929e-07,-8.974974112137195726e-04,5.436132021315557283e-01,-4.487487056068597863e-04,9.345014742190240850e-06,2.324876490330613499e-05
2.684228076025341747e-01,-1.294108462561975674e-06,-8.935375888623627548e-04,6.864633452149682125e-01,-4.467687944311813774e-04,1.490166187047070801e-05,2.325373378022193359e-05
2.687562520840279801e-01,-1.590750680350994259e-06,-8.855936841892915424e-04,8.268096484864049245e-01,-4.427968420946457712e-04,2.161777896485575005e-05,2.326094210931991640e-05
2.690896965655218409e-01,-1.884115559586892079e-06,-8.736397045697349680e-04,9.640408002153665334e-01,-4.368198522848674840e-04,2.938940739411221209e-05,2.327074184502985610e-05
2.694231410470156463e-01,-2.172921159727427422e-06,-8.577230924028956789e-04,1.097552860948466158e+00,-4.288615462014478395e-04,3.809350133131640860e-05,2.328344391282956096e-05
2.697565855285095071e-01,-2.455881454133585486e-06,-8.379647251119338915e-04,1.226749263509611332e+00,-4.189823625559669458e-04,4.758955149565338591e-05,2.329931238615255115e-05
2.700900300100033125e-01,-2.731706330069195732e-06,-8.145589151439883158e-04,1.351040812999826590e+00,-4.072794575719941579e-04,5.772141078509980230e-05,2.331855927204288135e-05
2.704234744914971733e-01,-2.999101588701310297e-06,-7.877734099701501347e-04,1.469845686797426332e+00,-3.938867049850750673e-04,6.831931206451877854e-05,2.334133996963025273e-05
2.707569189729909787e-01,-3.257248347689366300e-06,-7.578992241824374001e-04,1.582824897536030173e+00,-3.789496120912187000e-04,7.922563814736448805e-05,2.336775732146332087e-05
2.710903634544848395e-01,-3.505655448244573052e-06,-7.249576392315600776e-04,1.689789689060635425e+00,-3.624788196157800388e-04,9.029533456918518389e-05,2.339786580248005368e-05
2.714238079359786449e-01,-3.742672431824581723e-06,-6.889054787165494386e-04,1.789973301592077126e+00,-3.444527393582747193e-04,1.013195160175099955e-04,2.343165023596371560e-05
2.717572524174724502e-01,-3.966826430567201451e-06,-6.497766247933404581e-04,1.882705331343654143e+00,-3.248883123966702291e-04,1.120894413958919408e-04,2.346902584163090331e-05
2.720906968989663111e-01,-4.176870338653907272e-06,-6.076822731741805556e-04,1.967435728065628719e+00,-3.038411365870902778e-04,1.224055494185486792e-04,2.350984129658873414e-05
2.724241413804601164e-01,-4.371782812309743986e-06,-5.628109331276531227e-04,2.043734795045190289e+00,-2.814054665638265613e-04,1.320836549266203304e-04,2.355388386241955324e-05
2.727575858619539773e-01,-4.550768269803562898e-06,-5.154284274786274326e-04,2.111293189106551615e+00,-2.577142137393137163e-04,1.409603902438587720e-04,2.360088632665558424e-05
2.730910303434477826e-01,-4.713256891447766866e-06,-4.658778926083180006e-04,2.169921920610844879e+00,-2.329389463041590003e-04,1.488977770945244924e-04,2.365053546873445241e-05
2.734244748249416435e-01,-4.858904619598544079e-06,-4.145797784542215917e-04,2.219552353456214711e+00,-2.072898892271107958e-04,1.557868466702164558e-04,2.370248173304595850e-05
2.737579193064354488e-01,-4.987593158655653757e-06,-3.620318485101834110e-04,2.260236205077738258e+00,-1.810159242550917055e-04,1.615502574961174696e-04,2.375634977489194625e-05
2.740913637879293097e-01,-5.099408409291547204e-06,-3.087168527319566103e-04,2.292128437549096009e+00,-1.543584263659783051e-04,1.661414125773355436e-04,2.381174871206345029e-05
2.744248082694231150e-01,-5.194009245882062128e-06,-2.544834689630071090e-04,2.315129401690930511e+00,-1.272417344815035545e-04,1.694925216114139563e-04,2.386826505804925234e-05
2.747582527509169759e-01,-5.270545683594078833e-06,-1.994653906295943877e-04,2.328905700232631215e+00,-9.973269531479719385e-05,1.715156714065154406e-04,2.392545601216946078e-05
2.750916972324107812e-01,-5.328385321731992424e-06,-1.439016398616945705e-04,2.333239621597991587e+00,-7.195081993084728527e-05,1.721546213467183722e-04,2.398286002062118409e-05
2.754251417139046421e-01,-5.367155633460325495e-06,-8.803423474288459959e-05,2.328043188616629511e+00,-4.401711737144229980e-05,1.713886530689939769e-04,2.404000862117770248e-05
2.757585861953984474e-01,-5.386743965803649352e-06,-3.210818931041558135e-05,2.313358158523982411e+00,-1.605409465520779067e-05,1.692332724927297395e-04,2.409643852197554531e-05
2.760920306768923083e-01,-5.387297539646633990e-06,2.362848644486093908e-05,2.289356022961298809e+00,1.181424322243046954e-05,1.657397472045545842e-04,2.415170352604508822e-05
2.764254751583861136e-01,-5.369223449734025222e-06,7.892478657841922509e-05,2.256338007975658755e+00,3.946239328920961255e-05,1.609934911902860446e-04,2.420538591723891327e-05
2.767589196398799190e-01,-5.333188664670650609e-06,1.335267091921241026e-04,2.214735074019949845e+00,6.676335459606205129e-05,1.551113461628469622e-04,2.425710693963399240e-05
2.770923641213737798e-01,-5.279908952507572971e-06,1.872806197842761026e-04,2.164994722253089421e+00,9.364030989213805128e-05,1.482223463936483212e-04,2.430653086307302436e-05
2.774258086028675852e-01,-5.209306272377141553e-06,2.401537153340250899e-04,2.107157365511347358e+00,1.200768576670125450e-04,1.404086750178762995e-04,2.435334936091159439e-05
2.777592530843614460e-01,-5.121249181714319596e-06,2.919403473139008652e-04,2.041246835427354078e+00,1.459701736569504326e-04,1.317622641308583559e-04,2.439728476075516116e-05
2.780926975658552514e-01,-5.015823927572437977e-06,3.424451825245197279e-04,1.967392193201915163e+00,1.712225912622598639e-04,1.224001323674324653e-04,2.443809840942719547e-05
2.784261420473491122e-01,-4.893332039253927860e-06,3.914886604560783396e-04,1.885826123274089161e+00,1.957443302280391698e-04,1.124613506276870878e-04,2.447559802617534192e-05
2.787595865288429176e-01,-4.754290328310464696e-06,4.389069932882869369e-04,1.796884933321287736e+00,2.194534966441434685e-04,1.021034776378595293e-04,2.450964386733501670e-05
2.790930310103367784e-01,-4.599430888542802202e-06,4.845521658904340038e-04,1.701008554259165528e+00,2.422760829452170019e-04,9.149829371747172815e-05,2.454015346844121129e-05
2.794264754918305838e-01,-4.429701096000958708e-06,5.282919358213237137e-04,1.598740540241739172e+00,2.641459679106618569e-04,8.082690989495060555e-05,2.456710475550188418e-05
2.797599199733244446e-01,-4.246254915048429470e-06,5.700135921090089238e-04,1.490723443851971197e+00,2.850067960545044619e-04,7.027391724772057710e-05,2.459053720540109090e-05
2.800933644548182500e-01,-4.049854062053802244e-06,6.097246516402173369e-04,1.377391373590676871e+00,3.048623258201086685e-04,5.999495300298811757e-05,2.461054219139741721e-05
2.804268089363121108e-01,-3.840773637909605506e-06,6.473047005943608672e-04,1.258939439445736053e+00,3.236523502971804336e-04,5.011984027068491987e-05,2.462725437554903307e-05
2.807602534178059162e-01,-3.619464576950773799e-06,6.825734121000733706e-04,1.135650359988847891e+00,3.412867060500366853e-04,4.078395001133859756e-05,2.464085355861383222e-05
2.810936978992997770e-01,-3.386531297485725985e-06,7.153724445017913122e-04,1.007877409844740946e+00,3.576862222508956561e-04,3.212295005180713762e-05,2.465156477903791048e-05
2.814271423807935824e-01,-3.142731701796655353e-06,7.455654413597064944e-04,8.760444196913369508e-01,3.727827206798532472e-04,2.426902086869460085e-05,2.465965715011783264e-05
2.817605868622873877e-01,-2.888977176139264921e-06,7.730380314498057391e-04,7.406457762596039274e-01,3.865190157249028696e-04,1.734686908745333635e-05,2.466544136788624127e-05
2.820940313437812486e-01,-2.626332590742874588e-06,7.976978287638520227e-04,6.022464223336176925e-01,3.988489143819260114e-04,1.146960489213745207e-05,2.466926584434244065e-05
2.824274758252750539e-01,-2.356016299810562162e-06,8.194744325093746094e-04,4.614818567506326907e-01,4.097372162546873047e-04,6.734560560335864598e-06,2.467151144639657091e-05
2.827609203067689148e-01,-2.079371562243314362e-06,8.383280573801372634e-04,3.190432831129758062e-01,4.191640286900686317e-04,3.218838680158357169e-06,2.467258475039128671e-05
2.830943647882627201e-01,-1.797224224345539804e-06,8.543124796090452704e-04,1.753518834176691910e-01,4.271562398045226352e-04,9.723460847674780022e-07,2.467290897382735633e-05
2.834278092697565810e-01,-1.510347393480123303e-06,8.672604103310637379e-04,3.081088802562303997e-02,4.336302051655318689e-04,3.001984401575078615e-08,2.467291898377867957e-05
2.837612537512503863e-01,-1.219694956720118470e-06,8.769749164434228680e-04,-1.140893188621736609e-01,4.384874582217114340e-04,4.116138453744021575e-07,2.467305623414392402e-05
2.840946982327442472e-01,-9.262833780524675285e-07,8.833053805901140308e-04,-2.588351104542943038e-01,4.416526902950570154e-04,2.118587347586659551e-06,2.467376266540353706e-05
2.844281427142380525e-01,-6.311916983783886175e-07,8.861475011618769699e-04,-4.028896173686815629e-01,4.430737505809384850e-04,5.133010482540603887e-06,2.467547423942239050e-05
2.847615871957319134e-01,-3.355615355129853128e-07,8.854432922962085853e-04,-5.456927276328400467e-01,4.427216461481042926e-04,9.416647903571922994e-06,2.467861416870000758e-05
2.850950316772257187e-01,-4.059708418563880109e-08,8.811810838773585959e-04,-6.866610866836457827e-01,4.405905419386792980e-04,1.491024820193871053e-05,2.468358590868064645e-05
2.854284761587195796e-01,2.524348839603853540e-07,8.733955215363292147e-04,-8.251880973675336239e-01,4.366977607681646074e-04,2.153306790905871557e-05,2.469076599134455434e-05
2.857619206402133849e-01,5.422050203675437656e-07,8.621675666508802445e-04,-9.606439199403122853e-01,4.310837833254401222e-04,2.918266009788500259e-05,2.470049678830950232e-05
2.860953651217072458e-01,8.275263174973199166e-07,8.476419154636307893e-04,-1.092478662788214816e+00,4.238209577318153946e-04,3.774208835867929945e-05,2.471308167939275383e-05
2.864288096032010511e-01,1.107944360446734064e-06,8.299099124547536666e-04,-1.220509248365709620e+00,4.149549562273768333e-04,4.710664228222488854e-05,2.472878912930346495e-05
2.867622540846948564e-01,1.382029527273310559e-06,8.087992825971618369e-04,-1.344054736652374960e+00,4.043996412985809185e-04,5.712601261653591682e-05,2.474783748296019724e-05
2.870956985661887173e-01,1.648315319689193591e-06,7.841902687879051667e-04,-1.462422957304903903e+00,3.920951343939525833e-04,6.763102851438240065e-05,2.477038867619607123e-05
2.874291430476825226e-01,1.905461658826432097e-06,7.560451359269347495e-04,-1.574993687510533480e+00,3.780225679634673748e-04,7.844362141071271649e-05,2.479654526886386178e-05
2.877625875291763835e-01,2.152254885237282997e-06,7.244081709170718981e-04,-1.681218651987181234e+00,3.622040854585359491e-04,8.938165650005239010e-05,2.482634908897058285e-05
2.880960320106701888e-01,2.387607758893873231e-06,6.894056826640458744e-04,-1.780621522983295790e+00,3.447028413320229372e-04,1.002635868458979249e-04,2.485978142869912274e-05
2.884294764921640497e-01,2.610559459188525864e-06,6.512460020764520392e-04,-1.872797920277997630e+00,3.256230010382260196e-04,1.109128428023881796e-04,2.489676470405836997e-05
2.887629209736578551e-01,2.820275584933446687e-06,6.102194820657982563e-04,-1.957415411180946974e+00,3.051097410328991281e-04,1.211618808869763866e-04,2.493716546460754958e-05
2.890963654551517159e-01,3.016048154361021098e-06,5.666984975464539349e-04,-2.034213510532465907e+00,2.833492487732269674e-04,1.308558277014955384e-04,2.498079861822591685e-05
2.894298099366455213e-01,3.197299739259332983e-06,5.211338125125830525e-04,-2.103005492060660231e+00,2.605669062562915262e-04,1.398559068782660676e-04,2.502743279857879121e-05
2.897632544181393821e-01,3.363754355120340939e-06,4.736022525737139475e-04,-2.163732509925531122e+00,2.368011262868569737e-04,1.480495667246168928e-04,2.507679910959066850e-05
2.900966988996331875e-01,3.514417834300815570e-06,4.240558142608265215e-04,-2.215971544381033276e+00,2.120279071304132608e-04,1.552845895652627385e-04,2.512857789904223967e-05
2.904301433811270483e-01,3.648124858412773157e-06,3.726637873192899697e-04,-2.259230266887370053e+00,1.863318936596449849e-04,1.614064907427579328e-04,2.518239800265769719e-05
2.907635878626208537e-01,3.763973355723798860e-06,3.196306623791600942e-04,-2.293150925696596065e+00,1.598153311895800471e-04,1.662896726071536144e-04,2.523784637631796483e-05
2.910970323441147145e-01,3.861324501157223322e-06,2.651961309551109452e-04,-2.317510345852673126e+00,1.325980654775554726e-04,1.698413226259264921e-04,2.529447902807719644e-05
2.914304768256085199e-01,3.939802716291969782e-06,2.096350854465053480e-04,-2.332219929191425845e+00,1.048175427232526740e-04,1.720041812466284253e-04,2.535183287310774960e-05
2.917639213071023252e-01,3.999295669362672658e-06,1.532576191373323450e-04,-2.337325654340574488e+00,7.662880956866617251e-05,1.727581130288130767e-04,2.540943811253049711e-05
2.920973657885961861e-01,4.039954275259616139e-06,9.640902619623321641e-05,-2.333008076719713664e+00,4.820451309811660820e-05,1.721204546519676027e-04,2.546683072828640591e-05
2.924308102700899914e-01,4.062192807050954642e-06,3.946901593963213955e-05,-2.319582327431078284e+00,1.973450796981606977e-05,1.701451533336920618e-04,2.552356469071844351e-05
2.927642547515838523e-01,4.066407488139428182e-06,-1.741689420971537916e-05,-2.297338127584596101e+00,-8.708447104857689581e-06,1.668975036231599377e-04,2.557921574227668454e-05
2.930976992330776576e-01,4.052138097476534118e-06,-7.415242019239398597e-05,-2.266133487824842696e+00,-3.707621009619699299e-05,1.623943731863111760e-04,2.563336524984130755e-05
2.934311437145715185e-01,4.018924567009789624e-06,-1.304815980362431123e-04,-2.225836236207199725e+00,-6.524079901812155616e-05,1.566702068201447260e-04,2.568560606571998188e-05
2.937645881960653238e-01,3.966580991649063171e-06,-1.861522504698837413e-04,-2.176448880465045033e+00,-9.307612523494187065e-05,1.497948706068183769e-04,2.573555433867990899e-05
2.940980326775591847e-01,3.895195629266533017e-06,-2.409159869227935091e-04,-2.118108608009700689e+00,-1.204579934613967545e-04,1.418719213633476070e-04,2.578286074793744196e-05
2.944314771590529900e-01,3.805130900696750737e-06,-2.945282035252322675e-04,-2.051087285930497828e+00,-1.472641017626161338e-04,1.330357263530657368e-04,2.582722077673139496e-05
2.947649216405468509e-01,3.697023389736553128e-06,-3.467480831083154442e-04,-1.975791460994698712e+00,-1.733740415541577221e-04,1.234474741579683402e-04,2.586838365574372039e-05
2.950983661220406562e-01,3.571783843145178260e-06,-3.973385952039425661e-04,-1.892762359647585768e+00,-1.986692976019712831e-04,1.132901577626785529e-04,2.590615963365725080e-05
2.954318106035345171e-01,3.430596878448147059e-06,-4.460666533754065752e-04,-1.802675730699501822e+00,-2.230333266877032876e-04,1.027626331167880977e-04,2.594042526657381974e-05
2.957652550850283224e-01,3.274308501122098063e-06,-4.928823517057377094e-04,-1.706022564334352953e+00,-2.464411758528688547e-04,9.203850207963673862e-05,2.597111499717723266e-05
2.960986995665221833e-01,3.103024634171416999e-06,-5.377094810168713381e-04,-1.602921884003522202e+00,-2.688547405084356690e-04,8.125025194911545691e-05,2.599820744530964917e-05
2.964321440480159886e-01,2.917101523037854863e-06,-5.803311396584269781e-04,-1.493623721944115079e+00,-2.901655698292134890e-04,7.054762618901099056e-05,2.602173116194486281e-05
2.967655885295097939e-01,2.717073487853119157e-06,-6.205601060851028685e-04,-1.378460929664254930e+00,-3.102800530425514343e-04,6.008816235667509238e-05,2.604176722808579806e-05
2.970990330110036548e-01,2.503652923438945037e-06,-6.582388388566517935e-04,-1.257849177943129781e+00,-3.291194194283258967e-04,5.003306870807675813e-05,2.605845047873870651e-05
2.974324774924974601e-01,2.277730299307217289e-06,-6.932394766378638428e-04,-1.132286956831058067e+00,-3.466197383189319214e-04,4.054273186566016951e-05,2.607196922894399553e-05
2.977659219739913210e-01,2.040374159659712403e-06,-7.254638381986093466e-04,-1.002355575649344521e+00,-3.627319190993046733e-04,3.177193175319814741e-05,2.608256340425349978e-05
2.980993664554851263e-01,1.792831123388400967e-06,-7.548434224137922548e-04,-8.687191629904484902e-01,-3.774217112068961274e-04,2.386485518500111591e-05,2.609052100851658876e-05
2.984328109369789872e-01,1.536485014212212546e-06,-7.813500979406007166e-04,-7.321034869321723093e-01,-3.906750489703003583e-04,1.694903399310314555e-05,2.609617257036823861e-05
2.987662554184727925e-01,1.272153530536945686e-06,-8.050377428274865712e-04,-5.929405885862304437e-01,-4.025188714137432856e-04,1.111788967874077090e-05,2.609987976932747264e-05
2.990996998999666534e-01,1.000531684069510218e-06,-8.257664183850179501e-04,-4.516084933189117301e-01,-4.128832091925089751e-04,6.449472600293990275e-06,2.610203031037458695e-05
2.994331443814604587e-01,7.224758472702038455e-07,-8.433813652708172090e-04,-3.085618233885993322e-01,-4.216906826354086045e-04,3.010817173082378162e-06,2.610303425074573727e-05
2.997665888629543196e-01,4.389243334033134776e-07,-8.577666401141789340e-04,-1.642885098346810180e-01,-4.288833200570894670e-04,8.535213338054232482e-07,2.610331885272433155e-05
3.001000333444481250e-01,1.508973965374853771e-07,-8.688451155160468488e-04,-1.930979247773934038e-02,-4.344225577580234244e-04,1.179112417071893067e-08,2.610332278440961759e-05
3.004334778259419858e-01,-1.405027684546532490e-07,-8.765784800490323539e-04,1.258197800806405420e-01,-4.382892400245161769e-04,5.006080667406615501e-07,2.610348970940686283e-05
3.007669223074357912e-01,-4.340920258961093794e-07,-8.809672382574002154e-04,2.705123504576776305e-01,-4.404836191287001077e-04,2.314057765131256651e-06,2.610426131919850139e-05
3.011003667889296520e-01,-7.286042993059122256e-07,-8.820507106570786484e-04,4.141467524895883212e-01,-4.410253553285393242e-04,5.423860616608209607e-06,2.610606987558950349e-05
3.014338112704234574e-01,-1.022691571398722326e-06,-8.799070337356536785e-04,5.560685112313941136e-01,-4.399535168678268392e-04,9.778147981054727554e-06,2.610933034507301626e-05
3.017672557519172627e-01,-1.315509492699655000e-06,-8.746923820789606402e-04,6.958845054332266633e-01,-4.373461910394803201e-04,1.531349542773109069e-05,2.611443654561577528e-05
3.021007002334111236e-01,-1.606271019541432976e-06,-8.663495200568611639e-04,8.332225655341409798e-01,-4.331747600284305819e-04,2.195442394132870442e-05,2.612175712712338596e-05
3.024341447149049289e-01,-1.893671238493798218e-06,-8.547090859901656634e-04,9.674499744265904200e-01,-4.273545429950828317e-04,2.959763669102270342e-05,2.613162629574326804e-05
3.027675891963987898e-01,-2.176466107812409013e-06,-8.396663669888542163e-04,1.097972832258995446e+00,-4.198331834944271082e-04,3.812265935922430930e-05,2.614433808612646966e-05
3.031010336778925951e-01,-2.453472493296743967e-06,-8.211813055377001043e-04,1.224236074727597323e+00,-4.105906527688500522e-04,4.739476186871687105e-05,2.616014160792330773e-05
3.034344781593864560e-01,-2.723568168290482538e-06,-7.992784994962487790e-04,1.345723473076629872e+00,-3.996392497481243895e-04,5.726795242556277302e-05,2.617923729062606361e-05
3.037679226408802613e-01,-2.985691813681132977e-06,-7.740472020988435576e-04,1.461957634098153047e+00,-3.870236010494217788e-04,6.758799680430544062e-05,2.620177413517568003e-05
3.041013671223741222e-01,-3.238843017900392524e-06,-7.456413219545960248e-04,1.572500000132213360e+00,-3.728206609772980124e-04,7.819541849731646485e-05,2.622784796595171276e-05
3.044348116038679275e-01,-3.482082276923799286e-06,-7.142794230474191000e-04,1.676950849066690896e+00,-3.571397115237095500e-04,8.892843868857988751e-05,2.625750066308028192e-05
3.047682560853617884e-01,-3.714530994271071040e-06,-6.802447247359901753e-04,1.774949294337442973e+00,-3.401223623679950877e-04,9.962581835085403690e-05,2.629072034242368081e-05
3.051017005668555937e-01,-3.935656122101698309e-06,-6.438221162350750079e-04,1.866310621319867913e+00,-3.219110581175375040e-04,1.101457781245524322e-04,2.632744784429915852e-05
3.054351450483494546e-01,-4.145171024162034500e-06,-6.049613609433106103e-04,1.950953942446177480e+00,-3.024806804716553051e-04,1.203632854094038060e-04,2.636758231759338966e-05
3.057685895298432599e-01,-4.341540879871985284e-06,-5.635873810254321764e-04,2.028178335049755088e+00,-2.817936905127160882e-04,1.300805242556141552e-04,2.641095695055624819e-05
3.061020340113371208e-01,-4.523375863292366946e-06,-5.197040835799381737e-04,2.097362284929947140e+00,-2.598520417899690869e-04,1.391063349577071121e-04,2.645734119028872691e-05
3.064354784928309261e-01,-4.689528944872258137e-06,-4.733882943902578732e-04,2.158011917009988068e+00,-2.366941471951289366e-04,1.472677586986196338e-04,2.650644681172874956e-05
3.067689229743247314e-01,-4.839095891449220950e-06,-4.247897579247006091e-04,2.209760995337083145e+00,-2.123948789623503045e-04,1.544153986861840876e-04,2.655793577427832723e-05
3.071023674558185923e-01,-4.971415266249199273e-06,-3.741311373364764330e-04,2.252370923082368748e+00,-1.870655686682382165e-04,1.604278725757685175e-04,2.661142956306651036e-05
3.074358119373123976e-01,-5.086068428886462043e-06,-3.217080144637229477e-04,2.285730742540897253e+00,-1.608540072318614738e-04,1.652152527023314414e-04,2.666651967733871037e-05
3.077692564188062585e-01,-5.182879535363748929e-06,-2.678888898294455676e-04,2.309857135131682782e+00,-1.339444449147227838e-04,1.687214267084520601e-04,2.672277890598441174e-05
3.081027009003000638e-01,-5.261915538072123801e-06,-2.131151826415872332e-04,2.324894421397655453e+00,-1.065575913207936166e-04,1.709253472181862987e-04,2.677977301976173279e-05
3.084361453817939247e-01,-5.323487478520703805e-06,-1.578771377333422889e-04,2.331113522132960636e+00,-7.893856886667114444e-05,1.718410221062559231e-04,2.683707246027732169e-05
3.087695898632877300e-01,-5.367690526630815949e-06,-1.021099543864316677e-04,2.328640118599693665e+00,-5.105497719321583383e-05,1.714765553402816775e-04,2.689425037136111197e-05
3.091030343447815909e-01,-5.393659790175181406e-06,-4.582478683814102962e-05,2.317126060087276951e+00,-2.291239341907051481e-05,1.697850016765986537e-04,2.695086424321059077e-05
3.094364788262753962e-01,-5.400636710027517541e-06,1.076706363176629260e-05,2.296288930764457170e+00,5.383531815883146302e-06,1.667450938913001609e-04,2.700646447458481293e-05
3.097699233077692571e-01,-5.388159443611370467e-06,6.743449967920535273e-05,2.265994355177193498e+00,3.371724983960267636e-05,1.623744329086364974e-04,2.706060733317388990e-05
3.101033677892630624e-01,-5.356062864900114198e-06,1.239266278956943201e-04,2.226255998248686918e+00,6.196331394784716003e-05,1.567293040761751923e-04,2.711286785470645822e-05
3.104368122707569233e-01,-5.304478564416925235e-06,1.799727588084296418e-04,2.177235565279340257e+00,8.998637940421482092e-05,1.499031779032598366e-04,2.716285224213668632e-05
3.107702567522507286e-01,-5.233834849234830007e-06,2.352824068802112875e-04,2.119242801946809696e+00,1.176412034401056437e-04,1.420238997408034736e-04,2.721020932774548769e-05
3.111037012337445895e-01,-5.144856742976636255e-06,2.895452905095168266e-04,2.052735494305939934e+00,1.447726452547584133e-04,1.332496213934321772e-04,2.725464067866027433e-05
3.114371457152383948e-01,-5.038565985815025359e-06,3.424313320304283540e-04,1.978319468788842572e+00,1.712156660152141770e-04,1.237635761680894360e-04,2.729590896014346297e-05
3.117705901967322002e-01,-4.915947116188526708e-06,3.937394852426550772e-04,1.896571169273218560e+00,1.968697426213275386e-04,1.137465645545767036e-04,2.733383712438306845e-05
3.121040346782260611e-01,-4.776936431216106556e-06,4.435016930491976288e-04,1.807523938723786472e+00,2.217508465245988144e-04,1.033161265442322985e-04,2.736828731662856062e-05
3.124374791597198664e-01,-4.621652381206704094e-06,4.914670717884289230e-04,1.711318215585820202e+00,2.457335358942144615e-04,9.261078089012267508e-05,2.739916787044320649e-05
3.127709236412137273e-01,-4.450441067191845113e-06,5.373966155195879788e-04,1.608203603050253117e+00,2.686983077597939894e-04,8.178658254588892069e-05,2.742643915505337107e-05
3.131043681227075326e-01,-4.263858916338528150e-06,5.810774362792133245e-04,1.498529212012827516e+00,2.905387181396066622e-04,7.101178456088567449e-05,2.745011764273622688e-05
3.134378126042013935e-01,-4.062672681948995789e-06,6.223227640812039295e-04,1.382743661073958297e+00,3.111613820406019647e-04,6.046211742641245711e-05,2.747027840213149723e-05
3.137712570856951988e-01,-3.847859443460982843e-06,6.609719469167613624e-04,1.261395076538878168e+00,3.304859734583806812e-04,5.031555448650266082e-05,2.748705584610832613e-05
3.141047015671890597e-01,-3.620606606447451232e-06,6.968904507544441095e-04,1.135131092417484000e+00,3.484452253772220547e-04,4.074666223029579351e-05,2.750064259576830822e-05
3.144381460486828650e-01,-3.382308878479947095e-06,7.299710483939083954e-04,1.004697255763581820e+00,3.649855241969541977e-04,3.192055487262698436e-05,2.751128632863680687e-05
3.147715905301767259e-01,-3.134005086161010381e-06,7.602314805544776056e-04,8.706481934469620931e-01,3.801157402772388028e-04,2.397095885350234077e-05,2.751927931258262358e-05
3.151050350116705312e-01,-2.876290934890321660e-06,7.875576379627361682e-04,7.333204032948876794e-01,3.937788189813680841e-04,1.700542683718491460e-05,2.752494967831693230e-05
3.154384794931643921e-01,-2.609966370598999021e-06,8.117589903622335085e-04,5.931526834870333165e-01,4.058794951811167543e-04,1.112584484150373789e-05,2.752865952988128824e-05
3.157719239746581974e-01,-2.335938091992845594e-06,8.326876675086981958e-04,4.506293491133642748e-01,4.163438337543490979e-04,6.421536376774764180e-06,2.753080075574883408e-05
3.161053684561520583e-01,-2.055219550551994655e-06,8.502384591700707945e-04,3.062802321739511724e-01,4.251192295850353972e-04,2.966456165507444323e-06,2.753178990418681332e-05
3.164388129376458636e-01,-1.768930950531273626e-06,8.643488151264750244e-04,1.606806815791583798e-01,4.321744075632375122e-04,8.164457459870289171e-07,2.753206214351525163e-05
3.167722574191396689e-01,-1.478299248959881580e-06,8.749988451702405291e-04,1.445156314947615428e-02,4.374994225851202645e-04,6.604343448202357267e-09,2.753206434569712923e-05
3.171057019006335298e-01,-1.184658155641524754e-06,8.822113191058909495e-04,-1.317407403844050862e-01,4.411056595529454748e-04,5.488329786988755836e-07,2.753224735102513987e-05
3.174391463821273351e-01,-8.894481331545669073e-07,8.860516667501430570e-04,-2.771843293815250409e-01,4.430258333750715285e-04,2.429614370124437431e-06,2.753305749252901299e-05
3.177725908636211960e-01,-5.936965278926908062e-07,8.866750736031457853e-04,-4.213844071388963552e-01,4.433375368015728926e-04,5.615092590267500887e-06,2.753492981416631613e-05
3.181060353451150013e-01,-2.981625491974805962e-07,8.840613261813048442e-04,-5.639749374331080034e-01,4.420306630906524221e-04,1.005818477166050573e-05,2.753828366037227337e-05
3.184394798266088622e-01,-4.097876403503640953e-09,8.780546695550336695e-04,-7.043406166653394251e-01,4.390273347775168348e-04,1.568792362964406461e-05,2.754351471193267593e-05
3.187729243081026675e-01,2.872826266622436693e-07,8.685602164334201144e-04,-8.418930280893300866e-01,4.342801082167100572e-04,2.241371400345918449e-05,2.755098844117690542e-05
3.191063687895965284e-01,5.748024564882289445e-07,8.555442838698281089e-04,-9.760714338809290957e-01,4.277721419349140544e-04,3.012750765179944735e-05,2.756103429234456405e-05
3.194398132710903337e-01,8.573234698779963829e-07,8.390343932619108869e-04,-1.106342775137912016e+00,4.195171966309554435e-04,3.870609945221203479e-05,2.757394062760705291e-05
3.197732577525841946e-01,1.133745883950550054e-06,8.191192703515934228e-04,-1.232201671880159388e+00,4.095596351757967114e-04,4.801352453356088940e-05,2.758995047239983431e-05
3.201067022340779999e-01,1.403008276139976331e-06,7.959488452250945483e-04,-1.353170423049482540e+00,3.979744226125472742e-04,5.790352368104254510e-05,2.760925808283032720e-05
3.204401467155718608e-01,1.664087584195812992e-06,7.697342523129003904e-04,-1.468799006509792227e+00,3.848671261564501952e-04,6.822204604921633191e-05,2.763200634760165612e-05
3.207735911970656661e-01,1.915999106182690068e-06,7.407478303897949449e-04,-1.578665079046937647e+00,3.703739151948974725e-04,7.880975991430095651e-05,2.765828502713292992e-05
3.211070356785595270e-01,2.158160169273952241e-06,7.092543189584509964e-04,-1.682550376834844208e+00,3.546271594792254982e-04,8.952331435805475424e-05,2.768813608227066206e-05
3.214404801600533323e-01,2.390186135214161904e-06,6.752049664779912743e-04,-1.780318735667597574e+00,3.376024832389956372e-04,1.002294909296582050e-04,2.772155705290409365e-05
3.217739246415471377e-01,2.610572374931078936e-06,6.385240905415427021e-04,-1.871278016109004794e+00,3.192620452707713510e-04,1.107328890716826448e-04,2.775848032368491354e-05
3.221073691230409985e-01,2.817970916038398877e-06,5.992061109342683043e-04,-1.954821251267520710e+00,2.996030554671341522e-04,1.208409423543043462e-04,2.779877406905146867e-05
3.224408136045348039e-01,3.011246340436890309e-06,5.573130183806687676e-04,-2.030454286800138508e+00,2.786565091903343838e-04,1.303726318126517214e-04,2.784224610366722231e-05
3.227742580860286647e-01,3.189475784314632032e-06,5.129743745445361448e-04,-2.097795780912482755e+00,2.564871872722680724e-04,1.391638436385719065e-04,2.788864951935197676e-05
3.231077025675224701e-01,3.351948938146757253e-06,4.663873120290097456e-04,-2.156577204358709920e+00,2.331936560145048728e-04,1.470720075261193395e-04,2.793768986864377836e-05
3.234411470490163309e-01,3.498168046695689490e-06,4.178165343765168310e-04,-2.206642840441597198e+00,2.089082671882584155e-04,1.539799204416758918e-04,2.798903362337591631e-05
3.237745915305101363e-01,3.627847909010925728e-06,3.675943160688344667e-04,-2.247949785012465007e+00,1.837971580344172334e-04,1.597986887612051104e-04,2.804231761429328828e-05
3.241080360120039972e-01,3.740915878429232933e-06,3.161205025270255554e-04,-2.280567946471243168e+00,1.580602512635127777e-04,1.644697498889180379e-04,2.809715914476641841e-05
3.244414804934978025e-01,3.837491148661324966e-06,2.638083213265302496e-04,-2.304665931279707092e+00,1.319041606632651248e-04,1.679639053111655830e-04,2.815316578208258046e-05
3.247749249749916634e-01,3.917229485626119631e-06,2.105096366913105678e-04,-2.320143710255275327e+00,1.052548183456552839e-04,1.702275199942590318e-04,2.820992720922304984e-05
3.251083694564854687e-01,3.979227898943204363e-06,1.562825159543727513e-04,-2.326637047524411361e+00,7.814125797718637564e-05,1.711816776590350197e-04,2.826700679497130922e-05
3.254418139379793296e-01,4.022789955900225697e-06,1.013230417447471773e-04,-2.323893813458691060e+00,5.066152087237358866e-05,1.707782502547237468e-04,2.832395186007791990e-05
3.257752584194731349e-01,4.047469512484965480e-06,4.584308916020667134e-05,-2.311787256422925374e+00,2.292154458010333567e-05,1.690035124453578028e-04,2.838030514865589533e-05
3.261087029009669958e-01,4.053070713385408628e-06,-9.929674232806134492e-06,-2.290316002775157678e+00,-4.964837116403067246e-06,1.658787733487220289e-04,2.843561651022599609e-05
3.264421473824608011e-01,4.039647991989702475e-06,-6.575178839910572615e-05,-2.259604056866677535e+00,-3.287589419955286307e-05,1.614599046162341889e-04,2.848945442440279846e-05
3.267755918639546064e-01,4.007506070386173711e-06,-1.213640008348278653e-04,-2.219900801042002492e+00,-6.068200041741393267e-05,1.558357644725140748e-04,2.854141700008553409e-05
3.271090363454484673e-01,3.957199959363313132e-06,-1.764912665674022406e-04,-2.171580995638879408e+00,-8.824563328370112029e-05,1.491255521303227506e-04,2.859114209249311077e-05
3.274424808269422726e-01,3.889409229124101233e-06,-2.309224616697480538e-04,-2.115076049428663119e+00,-1.154612308348740269e-04,1.414659677489724717e-04,2.863831313875819180e-05
3.277759253084361335e-01,3.804111051694600993e-06,-2.845988898389121375e-04,-2.050453382112563006e+00,-1.422994449194560688e-04,1.329535076939759430e-04,2.868264575219399383e-05
3.281093697899299388e-01,3.701115088536052120e-06,-3.372732513730166077e-04,-1.977707550748202259e+00,-1.686366256865083038e-04,1.236870248793456642e-04,2.872388850807240331e-05
3.284428142714237997e-01,3.580468352658477732e-06,-3.886964211344186315e-04,-1.896948716212967678e+00,-1.943482105672093157e-04,1.137918557015775840e-04,2.876183177439503490e-05
3.287762587529176050e-01,3.442454775332954280e-06,-4.386307459193890474e-04,-1.808401451007239702e+00,-2.193153729596945237e-04,1.034164662134999892e-04,2.879631542434951878e-05
3.291097032344114659e-01,3.287595206091454417e-06,-4.868500444581799649e-04,-1.712404739254285158e+00,-2.434250222290899825e-04,9.272841622845987171e-05,2.882723520301856083e-05
3.294431477159052712e-01,3.116647412727027418e-06,-5.331396074149590079e-04,-1.609411976700374058e+00,-2.665698037074795039e-04,8.190953449067741655e-05,2.885454748527620540e-05
3.297765921973991321e-01,2.930606081293595893e-06,-5.772961973878732280e-04,-1.499990970714652816e+00,-2.886480986939366140e-04,7.115039076314645823e-05,2.887827219043230640e-05
3.301100366788929374e-01,2.730701597964908312e-06,-6.191287700811396290e-04,-1.384823280272020840e+00,-3.095643850405698145e-04,6.064412185365303330e-05,2.889849363819944615e-05
3.304434811603867983e-01,2.517902539391000639e-06,-6.585881610031420154e-04,-1.264445923758161561e+00,-3.292940805015710077e-04,5.055923817972073276e-05,2.891535233715900795e-05
3.307769256418806036e-01,2.292615297870848745e-06,-6.955312316838329180e-04,-1.139116418686630272e+00,-3.477656158419164590e-04,4.103327900853471908e-05,2.892903465760199750e-05
3.311103701233744645e-01,2.055426720962794177e-06,-7.297176100042239519e-04,-1.009184543655771815e+00,-3.648588050021119760e-04,3.220632571206538794e-05,2.893977367917987699e-05
3.314438146048682698e-01,1.807081929748116455e-06,-7.609443694292809465e-04,-8.750719119306294980e-01,-3.804721847146404733e-04,2.421516809530109378e-05,2.894784809334970086e-05
3.317772590863620752e-01,1.548484318830763297e-06,-7.890460290079654706e-04,-7.372719714427958815e-01,-3.945230145039827353e-04,1.718919140851799015e-05,2.895357973436621092e-05
3.321107035678559360e-01,1.280695556337458614e-06,-8.138945533732146664e-04,-5.963500047904746193e-01,-4.069472766866073332e-04,1.124611329021193561e-05,2.895732968878108788e-05
3.324441480493497414e-01,1.004935583917847353e-06,-8.353993527419315999e-04,-4.529431292385535102e-01,-4.176996763709658000e-04,6.487649105217697716e-06,2.895949295957308964e-05
3.327775925308436022e-01,7.225826167441770111e-07,-8.535072829150129083e-04,-3.077602967184400740e-01,-4.267536414575064541e-04,2.995195565185726835e-06,2.896049169100529437e-05
3.331110370123374076e-01,4.351667047226930699e-07,-8.682043431041279241e-04,-1.615789670680855272e-01,-4.341021715520639620e-04,8.255999442313149469e-07,2.896076698275061991e-05
3.334444814938312684e-01,1.437078819633709081e-07,-8.795917348155010782e-04,-1.490911588682439226e-02,-4.397958674077505391e-04,7.029165696820051693e-09,2.896076932658712987e-05
3.337779259753250738e-01,-1.509266260710790133e-07,-8.875731620657715095e-04,1.318089780204664829e-01,-4.437865810328857547e-04,5.494016830221903045e-07,2.896095252154645762e-05
3.341113704568189346e-01,-4.475921127525766353e-07,-8.919829656031108556e-04,2.779970891484226381e-01,-4.459914828015554278e-04,2.443883487792183686e-06,2.896176742100887408e-05
3.344448149383127400e-01,-7.451261694217040636e-07,-8.927140917940886789e-04,4.230768753264737558e-01,-4.463570458970443394e-04,5.660288616986336025e-06,2.896365481301186828e-05
3.347782594198066008e-01,-1.042348685388101663e-06,-8.897180926236791885e-04,5.664698777190388945e-01,-4.448590463118395942e-04,1.014737340761964719e-05,2.896703839867629691e-05
3.351117039013004062e-01,-1.338061847930070904e-06,-8.830051256952591802e-04,7.075975208253326709e-01,-4.415025628476295901e-04,1.583334246024104520e-05,2.897231793934326895e-05
3.354451483827942671e-01,-1.631050142294970459e-06,-8.726439542306052176e-04,8.458811124795564407e-01,-4.363219771153026088e-04,2.262656646069319505e-05,2.897986264306474322e-05
3.357785928642880724e-01,-1.920080351698822114e-06,-8.587619470699014382e-04,9.807418438507107261e-01,-4.293809735349507191e-04,3.041651200952660199e-05,2.899000486114060917e-05
3.361120373457819333e-01,-2.203901557326702532e-06,-8.415450786717265435e-04,1.111600789442778625e+00,-4.207725393358632718e-04,3.907488360854481825e-05,2.900303416544489402e-05
3.364454818272757386e-01,-2.481337068655020810e-06,-8.212352977797703719e-04,1.237924523121610942e+00,-4.106176488898851860e-04,4.846054931382180584e-05,2.901919306818374577e-05
3.367789263087695439e-01,-2.752031338580971048e-06,-7.979612877577247926e-04,1.359586395741404274e+00,-3.989806438788623963e-04,5.845391727514142699e-05,2.903868420432084019e-05
3.371123707902634048e-01,-3.014718971524076660e-06,-7.716418485774568852e-04,1.475997735711534808e+00,-3.858209242887284426e-04,6.889241078563535610e-05,2.906165599851411404e-05
3.374458152717572101e-01,-3.267974327899710382e-06,-7.422374506266300612e-04,1.586496361273934674e+00,-3.711187253133150306e-04,7.959360229618217520e-05,2.908819604596199265e-05
3.377792597532510710e-01,-3.510536517074309253e-06,-7.097742897591884700e-04,1.690509903161946381e+00,-3.548871448795942350e-04,9.037232146580211967e-05,2.911833019783455076e-05
3.381127042347448763e-01,-3.741309397365041731e-06,-6.743442872953957050e-04,1.787555804600175158e+00,-3.371721436476978525e-04,1.010460211893486642e-04,2.915202343597704757e-05
3.384461487162387372e-01,-3.959361576040127450e-06,-6.361050900217920861e-04,1.877241321304627508e+00,-3.180525450108960431e-04,1.114397708588910708e-04,2.918918241258888370e-05
3.387795931977325425e-01,-4.163926409318531439e-06,-5.952800701912417140e-04,1.959263521482583092e+00,-2.976400350956208570e-04,1.213907809223790777e-04,2.922965949859167718e-05
3.391130376792264034e-01,-4.354402002370252962e-06,-5.521583255228810789e-04,2.033409285832711078e+00,-2.760791627614405394e-04,1.307523806587729059e-04,2.927325815836452380e-05
3.394464821607202087e-01,-4.530351209316054466e-06,-5.070946792021741381e-04,2.099555307544965554e+00,-2.535473396010870691e-04,1.393973889441928052e-04,2.931973944844261685e-05
3.397799266422140696e-01,-4.691516575182397939e-06,-4.605011266242543637e-04,2.157674934360964247e+00,-2.302505633121271818e-04,1.472217693281778559e-04,2.936882973498085102e-05
3.401133711237078749e-01,-4.837978948854860766e-06,-4.124289662283141581e-04,2.207887859973610034e+00,-2.062144831141570790e-04,1.541537248174243142e-04,2.942023144382293804e-05
3.404468156052017358e-01,-4.968732348888096672e-06,-3.628168500468233128e-04,2.249766665677467081e+00,-1.814084250234116564e-04,1.600571042115259807e-04,2.947360160194615396e-05
3.407802600866955411e-01,-5.082588774352417784e-06,-3.117544240162551826e-04,2.282804507346825051e+00,-1.558772120081275913e-04,1.647925001780363896e-04,2.952855075172208991e-05
3.411137045681894020e-01,-5.178637202237362260e-06,-2.593751105401495192e-04,2.306636056309015803e+00,-1.296875552700747596e-04,1.682511932232259790e-04,2.958465318360712691e-05
3.414471490496832073e-01,-5.256243587451535898e-06,-2.058561084891802882e-04,2.321037499344373867e+00,-1.029280542445901441e-04,1.703586987701748991e-04,2.964145835158651281e-05
3.417805935311770127e-01,-5.315050862822740884e-06,-1.514183932010952248e-04,2.325926538686263090e+00,-7.570919660054761238e-05,1.710771426401880746e-04,2.969850308070961421e-05
3.421140380126708735e-01,-5.354978939097907183e-06,-9.632671648074147500e-05,2.321362392021062426e+00,-4.816335824037073750e-05,1.704063948262791008e-04,2.975532415267569502e-05
3.424474824941646789e-01,-5.376224704943088303e-06,-4.088960660009324311e-05,2.307545792488172154e+00,-2.044480330004662155e-05,1.683839357783131318e-04,2.981147084683318508e-05
3.427809269756585397e-01,-5.379262026943501952e-06,1.454063170181179709e-05,2.284818988680006324e+00,7.270315850905898544e-06,1.650834737502070106e-04,2.986651702014102310e-05
3.431143714571523451e-01,-5.364828095403964229e-06,6.958313654981540129e-05,2.253657849490671161e+00,3.479156827490770065e-05,1.606112507622268852e-04,2.992007195537350518e-05
3.434478159386462059e-01,-5.333103277057759758e-06,1.242897416229073746e-04,2.214229420574358898e+00,6.214487081145368729e-05,1.550405262856015308e-04,2.997176936327134177e-05
3.437812604201400113e-01,-5.283526981474544959e-06,1.786172488162757709e-04,2.166335800001061962e+00,8.930862440813788544e-05,1.484060320660253332e-04,3.002125453568415186e-05
3.441147049016338721e-01,-5.215776508837241261e-06,2.323497534506850832e-04,2.109907579190848370e+00,1.161748767253425416e-04,1.407754305954888642e-04,3.006819532614613409e-05
3.444481493831276775e-01,-5.129780766246450482e-06,2.852707492789896679e-04,2.044998487753271643e+00,1.426353746394948339e-04,1.322470467280375324e-04,3.011229237407145841e-05
3.447815938646215383e-01,-5.025720267720366736e-06,3.371631284862055861e-04,1.971785393487295091e+00,1.685815642431027930e-04,1.229473833667986339e-04,3.015328850056921969e-05
3.451150383461153437e-01,-4.904027134194889086e-06,3.878091816894397247e-04,1.890568302381380184e+00,1.939045908447198624e-04,1.130276620231665253e-04,3.019097695072699557e-05
3.454484828276092045e-01,-4.765385093523481785e-06,4.369905979379591307e-04,1.801770358613387746e+00,2.184952989689795653e-04,1.026594364583709174e-04,3.022520817328730659e-05
3.457819273091030099e-01,-4.610729480477341990e-06,4.844884647131235465e-04,1.705937844550686533e+00,2.422442323565617733e-04,9.202936118251184609e-05,3.025589485590901538e-05
3.461153717905968707e-01,-4.441230078052829429e-06,5.300918852438133702e-04,1.603730985855945201e+00,2.650459426219066851e-04,8.133229752056418834e-05,3.028301466168446205e-05
3.464488162720906761e-01,-4.257534983645604971e-06,5.737822616325385537e-04,1.495532253663903077e+00,2.868911308162692768e-04,7.072803093546003582e-05,3.030659853328681398e-05
3.467822607535844814e-01,-4.059828221168935914e-06,6.153969225380173744e-04,1.381497751063890389e+00,3.076984612690086872e-04,6.035320870884451465e-05,3.032672297767122397e-05
3.471157052350783423e-01,-3.848523933719995767e-06,6.547007338925632872e-04,1.261899281914779625e+00,3.273503669462816436e-04,5.035578683537383514e-05,3.034351383690275913e-05
3.474491497165721476e-01,-3.624218575599293283e-06,6.914851791573775565e-04,1.137093465031946637e+00,3.457425895786887782e-04,4.088766664940840235e-05,3.035714760370816385e-05
3.477825941980660085e-01,-3.387690912310424706e-06,7.255683593225941428e-04,1.007521734187128981e+00,3.627841796612970714e-04,3.210028194694926167e-05,3.036785126557776875e-05
3.481160386795598138e-01,-3.139902020560369384e-06,7.567949929072306965e-04,8.737103381085911114e-01,3.783974964536153483e-04,2.413987122424860132e-05,3.037590057242146575e-05
3.484494831610536747e-01,-2.881995288259174670e-06,7.850364159592338777e-04,7.362703404809536334e-01,3.925182079796169388e-04,1.714251791043152405e-05,3.038161665041761079e-05
3.487829276425474800e-01,-2.615296414520288388e-06,8.101905820554373971e-04,5.958976199453707157e-01,4.050952910277186986e-04,1.122905739522095142e-05,3.038536091763842151e-05
3.491163721240413409e-01,-2.341254814352240474e-06,8.321989024920938916e-04,4.533424541944984787e-01,4.160994512460469458e-04,6.499093465567089055e-06,3.038752800448922713e-05
3.494498166055351462e-01,-2.060704357045323938e-06,8.511043533595574230e-04,3.090353923384265844e-01,4.255521766797787115e-04,3.020066040395709386e-06,3.038853502884414636e-05
3.497832610870290071e-01,-1.774495287350135962e-06,8.667241468041902552e-04,1.634241567303377218e-01,4.333620734020951276e-04,8.445638831600864647e-07,3.038881664401025601e-05
3.501167055685228124e-01,-1.483639996133950109e-06,8.788707829004511942e-04,1.703273741030875144e-02,4.394353914502255971e-04,9.174214754851217183e-09,3.038881970310153586e-05
3.504501500500166733e-01,-1.189217829787007074e-06,8.874092538448958688e-04,-1.295898909736665772e-01,4.437046269224479344e-04,5.310583587929656875e-07,3.038899678158062329e-05
3.507835945315104786e-01,-8.923750902228988152e-07,8.922570439561599252e-04,-2.758697691654836692e-01,4.461285219780799626e-04,2.406623886890595853e-06,3.038979925703474204e-05
3.511170390130043395e-01,-5.943250348781789185e-07,8.933841296749709532e-04,-4.212079533011209298e-01,4.466920648374854766e-04,5.610390958353497469e-06,3.039167001093882778e-05
3.514504834944981448e-01,-2.963478767127566800e-07,8.908129795641417641e-04,-5.649805149084456968e-01,4.454064897820708821e-04,1.009408459753075802e-05,3.039503582774360344e-05
3.517839279759919502e-01,2.092157904508133194e-10,8.846185543085731016e-04,-7.065385409073861034e-01,4.423092771542865508e-04,1.578598603390689423e-05,3.040029957767154866e-05
3.521173724574858110e-01,2.939321186253670644e-07,8.749283067152504971e-04,-8.452081336098522524e-01,4.374641533576252485e-04,2.259057761177783413e-05,3.040783228110995520e-05
3.524508169389796164e-01,5.838365069410977528e-07,8.619282659790946299e-04,-9.805384778359662601e-01,4.309641329895473149e-04,3.040389901959715687e-05,3.041797029345393480e-05
3.527842614204734772e-01,8.692155576790435238e-07,8.456219428127642341e-04,-1.112211031555550012e+00,4.228109714063821170e-04,3.911779772836248469e-05,3.043101390723464787e-05
3.531177059019672826e-01,1.148593693406014013e-06,8.258922030039178748e-04,-1.239520967912387750e+00,4.129461015019589374e-04,4.858562071404743879e-05,3.044721451434170281e-05
3.534511503834611434e-01,1.420600123421564828e-06,8.026912088262316055e-04,-1.361824133394709424e+00,4.013456044131158027e-04,5.864649374898669743e-05,3.046676986404126341e-05
3.537845948649549488e-01,1.683982958228882389e-06,7.760420346313975839e-04,-1.478544183518801347e+00,3.880210173156987919e-04,6.913032748999270861e-05,3.048982099024666445e-05
3.541180393464488096e-01,1.937609209535145397e-06,7.460386668490930637e-04,-1.589172582829169844e+00,3.730193334245465319e-04,7.986235775012442137e-05,3.051645065271752595e-05
3.544514838279426150e-01,2.180464790251175858e-06,7.128460039870162818e-04,-1.693268604898387819e+00,3.564230019935081409e-04,9.066751488804646942e-05,3.054668323520771066e-05
3.547849283094364758e-01,2.411654514491775142e-06,6.766998566308459091e-04,-1.790459332327238418e+00,3.383499283154229546e-04,1.013745459830053841e-04,3.058048601812968795e-05
3.551183727909302812e-01,2.630402097575400207e-06,6.379069474442859364e-04,-1.880439656744579802e+00,3.189534737221429682e-04,1.118198236415897671e-04,3.061777172124458115e-05
3.554518172724241420e-01,2.836050156024474459e-06,5.968449111690167768e-04,-1.962972278807471938e+00,2.984224555845083884e-04,1.218507854608006833e-04,3.065840219322217764e-05
3.557852617539179474e-01,3.028323457722828425e-06,5.538375005613739837e-04,-2.038010188848100590e+00,2.769187502806869918e-04,1.313447450287307471e-04,3.070219837362521669e-05
3.561187062354118082e-01,3.206857925158268848e-06,5.088081967815112497e-04,-2.105438112206306833e+00,2.544040983907556249e-04,1.401796464670602093e-04,3.074894050315742078e-05
3.564521507169056136e-01,3.370228862840605898e-06,4.617862264707185888e-04,-2.164622008368666251e+00,2.308931132353592944e-04,1.481713164575342511e-04,3.079834741094585564e-05
3.567855951983994189e-01,3.517230731463862937e-06,4.128652879996187806e-04,-2.215042719450385000e+00,2.064326439998093903e-04,1.551544417111339091e-04,3.085008280331368936e-05
3.571190396798932798e-01,3.646929594486241979e-06,3.621929187553225848e-04,-2.256321341492053101e+00,1.810964593776612924e-04,1.609911128361012523e-04,3.090376440145843666e-05
3.574524841613870851e-01,3.758663118130071594e-06,3.099704951414556839e-04,-2.288219224459631995e+00,1.549852475707278420e-04,1.655751892105466170e-04,3.095897453457299123e-05
3.577859286428809460e-01,3.852040571381947936e-06,2.564532325780990519e-04,-2.310637972244498517e+00,1.282266162890495259e-04,1.688355170713846704e-04,3.101527180602060298e-05
3.581193731243747513e-01,3.926942825992593297e-06,2.019501855018576925e-04,-2.323619442663402701e+00,1.009750927509288462e-04,1.707379267270254565e-04,3.107220342546942527e-05
3.584528176058686122e-01,3.983522356476970448e-06,1.468242473657904918e-04,-2.327345747458496206e+00,7.341212368289524591e-05,1.712859783452644726e-04,3.112931778970592689e-05
3.587862620873624175e-01,4.022203240114190317e-06,9.149215063948210047e-05,-2.322139252297316769e+00,4.574607531974105024e-05,1.705204693117561379e-04,3.118617689917966738e-05
3.591197065688562784e-01,4.043581262104443953e-06,3.629477439590788099e-05,-2.308403580847847358e+00,1.814738719795394050e-05,1.685091464039065309e-04,3.124236534412928152e-05
3.594531510503500837e-01,4.047389578146607518e-06,-1.895414538038090585e-05,-2.286075010859936807e+00,-9.477072690190452926e-06,1.652650246721215480e-04,3.129747205459014166e-05
3.597865955318439446e-01,4.032956704296553684e-06,-7.411100979647498757e-05,-2.254909725751237826e+00,-3.705550489823749378e-05,1.607897350486543438e-04,3.135108650442297411e-05
3.601200400133377499e-01,3.999872642295012355e-06,-1.289705085532927731e-04,-2.214796910001202601e+00,-6.448525427664638656e-05,1.551200077822921096e-04,3.140281041498726278e-05
3.604534844948316108e-01,3.947993407930468711e-06,-1.833214413639213921e-04,-2.165757075251369734e+00,-9.166072068196069603e-05,1.483267509391194834e-04,3.145226915154582123e-05
3.607869289763254161e-01,3.877441031039210643e-06,-2.369467179535436532e-04,-2.107942060305418419e+00,-1.184733589767718266e-04,1.405132694568021550e-04,3.149912252582284588e-05
3.611203734578192770e-01,3.788603555505258868e-06,-2.896233580595105640e-04,-2.041635031129104050e+00,-1.448116790297552820e-04,1.318123848780436652e-04,3.154307463815297089e-05
3.614538179393130823e-01,3.682135039260458415e-06,-3.411224914312693942e-04,-1.967250480850331718e+00,-1.705612457156346971e-04,1.223824999035598535e-04,3.158388240737722817e-05
3.617872624208068877e-01,3.558955554284384601e-06,-3.912093578304264778e-04,-1.885334229759086044e+00,-1.956046789152132389e-04,1.124026900823131233e-04,3.162136246409023735e-05
3.621207069023007485e-01,3.420193845509756604e-06,-4.396691251395110122e-04,-1.796532905586259776e+00,-2.198345625697555061e-04,1.020634753711777262e-04,3.165539496671483221e-05
3.624541513837945539e-01,3.266207531516141286e-06,-4.865259701629992745e-04,-1.701087813650388414e+00,-2.432629850814996373e-04,9.150682073868807273e-05,3.168590741110919614e-05
3.627875958652884147e-01,3.097050520321900938e-06,-5.316147127540373461e-04,-1.599097856317772903e+00,-2.658073563770186731e-04,8.086304331492319647e-05,3.171287074665935039e-05
3.631210403467822201e-01,2.913027879074312650e-06,-5.747186466499353084e-04,-1.490787041451655082e+00,-2.873593233249676542e-04,7.027991346091481462e-05,3.173630519596275630e-05
3.634544848282760809e-01,2.714636437662107186e-06,-6.156419637488597931e-04,-1.376469642675406835e+00,-3.078209818744298966e-04,5.991468431352350632e-05,3.175628341680754546e-05
3.637879293097698863e-01,2.502564788715713341e-06,-6.542097541097770079e-04,-1.256550199372673760e+00,-3.271048770548885039e-04,4.992978394754352112e-05,3.177293222772703340e-05
3.641213737912637471e-01,2.277693287606992408e-06,-6.902680059525064579e-04,-1.131523516687223729e+00,-3.451340029762532289e-04,4.048807873335349158e-05,3.178643275414696053e-05
3.644548182727575525e-01,2.041094052449522347e-06,-7.236836056576704222e-04,-1.001974665523106545e+00,-3.618418028288352111e-04,3.174778872190130700e-05,3.179701887909591230e-05
3.647882627542514133e-01,1.794030964098295614e-06,-7.543443377667413338e-04,-8.685789825444860668e-01,-3.771721688833706669e-04,2.385715392486579238e-05,3.180497391541630645e-05
3.651217072357452187e-01,1.537803161695879757e-06,-7.822002217088933626e-04,-7.320209245348505700e-01,-3.911001108544466813e-04,1.694521138059474437e-05,3.181062420263891305e-05
3.654551517172390795e-01,1.273057542187244756e-06,-8.072374992148642538e-04,-5.926509241697943686e-01,-4.036187496074321269e-04,1.110702966862844695e-05,3.181432778038770226e-05
3.657885961987328849e-01,1.000540380498140434e-06,-8.292454408301721093e-04,-4.508768792827627103e-01,-4.146227204150860547e-04,6.428592999039134055e-06,3.181647135924700517e-05
3.661220406802267457e-01,7.211258395526640038e-07,-8.480392627268744116e-04,-3.071638481422349631e-01,-4.240196313634372058e-04,2.983597259467792175e-06,3.181746622328816978e-05
3.664554851617205511e-01,4.357902736607914697e-07,-8.634762617563672979e-04,-1.620201187421078659e-01,-4.317381308781836490e-04,8.301142941321917457e-07,3.181774302031856156e-05
3.667889296432143564e-01,1.456122285180555418e-07,-8.754558154494091957e-04,-1.599720880153032709e-02,-4.377279077247045978e-04,8.092606562136391850e-09,3.181774571875355643e-05
3.671223741247082173e-01,-1.482275587943190498e-07,-8.839193820161083542e-04,1.303101342350261316e-01,-4.419596910080541771e-04,5.369778656136845479e-07,3.181792477105953125e-05
3.674558186062020226e-01,-4.444461598092647830e-07,-8.888505003459216524e-04,2.762639331976939339e-01,-4.444252501729608262e-04,2.413505991178397930e-06,3.181872954131333896e-05
3.677892630876958835e-01,-7.416584546742135450e-07,-8.902747900076631634e-04,4.211829811913787580e-01,-4.451373950038315817e-04,5.609725732806514712e-06,3.182060007340164402e-05
3.681227075691896888e-01,-1.038435217706060235e-06,-8.882702957354434358e-04,5.643724675151504666e-01,-4.441351478677217179e-04,1.007236923250375812e-05,3.182395864933778570e-05
3.684561520506835497e-01,-1.334117204399067933e-06,-8.829900631065466278e-04,7.055318824758718410e-01,-4.414950315532733139e-04,1.574103512350786928e-05,3.182920741063271889e-05
3.687895965321773550e-01,-1.627570333215308733e-06,-8.742910970218469588e-04,8.441108959936630685e-01,-4.371455485109234794e-04,2.253196212685781361e-05,3.183672056906114987e-05
3.691230410136712159e-01,-1.917441201871519305e-06,-8.620186866546966295e-04,9.794536047417350400e-01,-4.310093433273483148e-04,3.033665816019768337e-05,3.184683616031163067e-05
3.694564854951650212e-01,-2.202438627810383012e-06,-8.460907736995371348e-04,1.110944147060106690e+00,-4.230453868497685674e-04,3.902873278437516433e-05,3.185985007587827485e-05
3.697899299766588821e-01,-2.481333648200912771e-06,-8.264979523718834348e-04,1.238006702955783744e+00,-4.132489761859417174e-04,4.846698365132939541e-05,3.187601112411146313e-05
3.701233744581526874e-01,-2.752959519938073271e-06,-8.033034694083448796e-04,1.360105494102584078e+00,-4.016517347041724398e-04,5.849856191911797447e-05,3.189551714675871702e-05
3.704568189396465483e-01,-3.016211719643154522e-06,-7.766432240665988637e-04,1.476744783841308362e+00,-3.883216120332994318e-04,6.896216559574324854e-05,3.191851220030848140e-05
3.707902634211403536e-01,-3.270047943663404660e-06,-7.467257681254224838e-04,1.587468877179575300e+00,-3.733628840627112419e-04,7.969121332247586069e-05,3.194508479561440482e-05
3.711237079026342145e-01,-3.513488108072384858e-06,-7.138323058846561108e-04,1.691862120791977731e+00,-3.569161529423280554e-04,9.051695465661028627e-05,3.197526717462628601e-05
3.714571523841280198e-01,-3.745614348669630933e-06,-6.783166941652438294e-04,1.789548903019935633e+00,-3.391583470826219147e-04,1.012714764626119048e-04,3.200903558958546907e-05
3.717905968656218252e-01,-3.966163821458044267e-06,-6.404146813232445244e-04,1.880475913855726544e+00,-3.202073406616222622e-04,1.118241357213155393e-04,3.204632273053956273e-05
3.721240413471156860e-01,-4.174413600768639623e-06,-6.000391888624999857e-04,1.964342937960668500e+00,-3.000195944312499929e-04,1.220210112008473271e-04,3.208700996335078201e-05
3.724574858286094914e-01,-4.368821292327815458e-06,-5.571871127506378227e-04,2.040449879273812606e+00,-2.785935563753189114e-04,1.316593973473799688e-04,3.213091106283307111e-05
3.727909303101033522e-01,-4.548095403704941552e-06,-5.119222705792233563e-04,2.108228046142884615e+00,-2.559611352896116782e-04,1.405513990920957050e-04,3.217777715122656465e-05
3.731243747915971576e-01,-4.711196392935235687e-06,-4.643752586870327848e-04,2.167240663592241212e+00,-2.321876293435163924e-04,1.485300343195557313e-04,3.222730367150651473e-05
3.734578192730910184e-01,-4.857336668520006748e-06,-4.147434521599925768e-04,2.217182873322958159e+00,-2.073717260799962884e-04,1.554544041365075904e-04,3.227913908468974289e-05
3.737912637545848238e-01,-4.985980589426437879e-06,-3.632910048312426804e-04,2.257881733712755690e+00,-1.816455024156213402e-04,1.612138613774436325e-04,3.233289495710636307e-05
3.741247082360786846e-01,-5.096844465087775372e-06,-3.103488492810709833e-04,2.289296219816060685e+00,-1.551744246405354917e-04,1.657310883252752784e-04,3.238815707392039427e-05
3.744581527175724900e-01,-5.189896555403166039e-06,-2.563146968369810208e-04,2.311517223363955154e+00,-1.281573484184905104e-04,1.689640331464033641e-04,3.244449719834400229e-05
3.747915971990663508e-01,-5.265357070737795277e-06,-2.016530375736221535e-04,2.324767552764217537e+00,-1.008265187868110768e-04,1.709066930605188258e-04,3.250148509199539398e-05
3.751250416805601562e-01,-5.323639490929466240e-06,-1.467221280944737579e-04,2.329360549940731495e+00,-7.336106404723687893e-05,1.715826740948256249e-04,3.255869838779226787e-05
3.754584861620540170e-01,-5.364416935998312146e-06,-9.131827458581997863e-05,2.325201880236056340e+00,-4.565913729290998932e-05,1.709705587195468901e-04,3.261570757709522173e-05
3.757919306435478224e-01,-5.386833616869958533e-06,-3.558913272700304099e-05,2.311957219889096748e+00,-1.779456636350152049e-05,1.690283637621091341e-04,3.267206915220762306e-05
3.761253751250416832e-01,-5.390296905081364267e-06,2.026052645817531155e-05,2.289426293244035904e+00,1.013026322908765577e-05,1.657499219065424541e-04,3.272733754897539770e-05
3.764588196065354886e-01,-5.374499041219326661e-06,7.601131804808462832e-05,2.257550724344928206e+00,3.800565902404231416e-05,1.611665963803740891e-04,3.278107766113958047e-05
3.767922640880292939e-01,-5.339417134920489944e-06,1.314292432233303836e-04,2.216414036935681064e+00,6.571462161166519178e-05,1.553466112417197279e-04,3.283287713137689629e-05
3.771257085695231548e-01,-5.285313164871329167e-06,1.862656892667260717e-04,2.166241654460056676e+00,9.313284463336303585e-05,1.483931333616030654e-04,3.288235800278790450e-05
3.774591530510169601e-01,-5.212733978808191711e-06,2.402574295632661024e-04,2.107400900061706217e+00,1.201287147816330512e-04,1.404411323370135460e-04,3.292918732334042215e-05
3.777925975325108210e-01,-5.122511293517230366e-06,2.931266236001891178e-04,2.040400996584105009e+00,1.465633118000945589e-04,1.316530891420753077e-04,3.297308631938646419e-05
3.781260420140046263e-01,-5.015744987232714604e-06,3.445899716694571517e-04,1.965884065822230742e+00,1.722949858347285759e-04,1.222125498001957284e-04,3.301383741968663124e-05
3.784594864954984872e-01,-4.892882590397737808e-06,3.946575603719008180e-04,1.884143465687783570e+00,1.973287801859504090e-04,1.122607493962104504e-04,3.305127014706116007e-05
3.787929309769922925e-01,-4.753807727785210437e-06,4.432265688361045368e-04,1.795195336168127209e+00,2.216132844180522684e-04,1.019115536751506431e-04,3.308525199223460035e-05
3.791263754584861534e-01,-4.598698031905079972e-06,4.900735756292759569e-04,1.699207560764145031e+00,2.450367878146379784e-04,9.130464319835524575e-05,3.311569702164385737e-05
3.794598199399799587e-01,-4.427933704135371815e-06,5.349953555849508305e-04,1.596444108118229899e+00,2.674976777924754153e-04,8.059487699159553601e-05,3.314257093861337842e-05
3.797932644214738196e-01,-4.242097514721978369e-06,5.778088798030561139e-04,1.487265032014156496e+00,2.889044399015280569e-04,6.994823077408995719e-05,3.316589479015525808e-05
3.801267089029676249e-01,-4.041974802778888595e-06,6.183513156498500647e-04,1.372126471377218548e+00,3.091756578249250324e-04,5.953718350443169805e-05,3.318574713543849980e-05
3.804601533844614858e-01,-3.828553476287940669e-06,6.564800267579782959e-04,1.251580650274082274e+00,3.282400133789891480e-04,4.953562882448111224e-05,3.320226451750734952e-05
3.807935978659552911e-01,-3.603024012099089647e-06,6.920725730264211915e-04,1.126275877912941592e+00,3.460362865132105958e-04,4.011340841907679082e-05,3.321564011217859427e-05
3.811270423474491520e-01,-3.366673169014447277e-06,7.250577724599388757e-04,9.969011770562398178e-01,3.625288862299694379e-04,3.142709349447827513e-05,3.322611930307371692e-05
3.814604868289429573e-01,-3.120141848512533038e-06,7.554321648934522997e-04,8.638128874515663691e-01,3.777160824467261499e-04,2.359605274154457326e-05,3.323398727664542449e-05
3.817939313104367627e-01,-2.864041272871818637e-06,7.829996182120084296e-04,7.273604049632749202e-01,3.914998091060042148e-04,1.673012984824897176e-05,3.323956584611799950e-05
3.821273757919306235e-01,-2.599134095262648333e-06,8.075758826342995704e-04,5.879630810744285174e-01,4.037879413171497852e-04,1.093201236124622057e-05,3.324321106531147546e-05
3.824608202734244289e-01,-2.326304239010108376e-06,8.290130193717140574e-04,4.460934628619941389e-01,4.145065096858570287e-04,6.292912861978394512e-06,3.324530940237782075e-05
3.827942647549182897e-01,-2.046556897593715724e-06,8.471994006283639026e-04,3.022772929966812683e-01,4.235997003141819513e-04,2.889422488490030656e-06,3.324627286436131408e-05
3.831277092364120951e-01,-1.761018534647782057e-06,8.620597096010559554e-04,1.570935097431287453e-01,4.310298548005279777e-04,7.803986068098921398e-07,3.324653308397012115e-05
3.834611537179059559e-01,-1.470936883961036631e-06,8.735549404793162970e-04,1.117424695971469539e-02,4.367774702396581485e-04,3.948539898613602346e-09,3.324653440058895931e-05
3.837945981993997613e-01,-1.177680949477014224e-06,8.816823984453703994e-04,-1.347951659012511794e-01,4.408411992226851997e-04,5.745775261675902062e-07,3.324672599029424838e-05
3.841280426808936221e-01,-8.826606876267840997e-07,8.864921578960809848e-04,-2.801173434147976038e-01,4.432460789480404924e-04,2.481304126772525602e-06,3.324755336746223339e-05
3.844614871623874275e-01,-5.865784820408021079e-07,8.881007948711942129e-04,-4.244579256099191844e-01,4.440503974355971065e-04,5.697302703124513658e-06,3.324945310160799084e-05
3.847949316438812883e-01,-2.905088394732881255e-07,8.863432547956210652e-04,-5.672848138712349719e-01,4.431716273978105326e-04,1.017659088265470211e-05,3.325284642967823209e-05
3.851283761253750937e-01,4.321448537949341002e-09,8.810570805644057099e-04,-7.079948512156893914e-01,4.405285402822028550e-04,1.585112893980461502e-05,3.325813190114865312e-05
3.854618206068689545e-01,2.967049036021529175e-07,8.721442095416892743e-04,-8.460032928005631891e-01,4.360721047708446371e-04,2.263310336231784181e-05,3.326567878456389689e-05
3.857952650883627599e-01,5.854533604752248212e-07,8.595709735607167832e-04,-9.807438059232876926e-01,4.297854867803583916e-04,3.041663371222374352e-05,3.327582104322086062e-05
3.861287095698566207e-01,8.693979670601135313e-07,8.433680989238254502e-04,-1.111668470021626387e+00,4.216840494619127251e-04,3.907964195574216860e-05,3.328885193416975240e-05
3.864621540513504261e-01,1.147389184406434741e-06,8.236307064024611570e-04,-1.238247776673496281e+00,4.118153532012305785e-04,4.848586118004630181e-05,3.330501927701071325e-05
3.867955985328442314e-01,1.418296786710799585e-06,8.005183112371612149e-04,-1.359970629597125225e+00,4.002591556185806075e-04,5.848696136531923614e-05,3.332452143151732319e-05
3.871290430143380923e-01,1.681009861316667252e-06,7.742548231375600025e-04,-1.476344344650976970e+00,3.871274115687800012e-04,6.892477063088975548e-05,3.334750401592242005e-05
3.874624874958318976e-01,1.934463264141941977e-06,7.451268533582987730e-04,-1.586907703797214797e+00,3.725634266791493865e-04,7.963488127847889351e-05,3.337405782761914715e-05
3.877959319773257585e-01,2.178452308850303960e-06,7.132950627720909854e-04,-1.691624014638219764e+00,3.566475313860454927e-04,9.049147843483037979e-05,3.340423171172545727e-05
3.881293764588195638e-01,2.411866623233405741e-06,6.786673954346261100e-04,-1.789993204566081131e+00,3.393336977173130550e-04,1.013217692029656737e-04,3.343801689652138028e-05
3.884628209403134247e-01,2.633175855848732331e-06,6.411992512133692914e-04,-1.881312139728711141e+00,3.205996256066846457e-04,1.119236116319452241e-04,3.347533720716890630e-05
3.887962654218072300e-01,2.841065445869328240e-06,6.009196044017921755e-04,-1.964992601936290439e+00,3.004598022008960877e-04,1.221017361726154911e-04,3.351605135727648644e-05
3.891297099033010909e-01,3.034436623084090557e-06,5.579310037193223847e-04,-2.040561288661388861e+00,2.789655018596611923e-04,1.316737750524321843e-04,3.355995725092518218e-05
3.894631543847948962e-01,3.212406407897492388e-06,5.124095723113978370e-04,-2.107659813038854413e+00,2.562047861556989185e-04,1.404756433457031396e-04,3.360679807898309763e-05
3.897965988662887571e-01,3.374307611329841201e-06,4.646050077494089038e-04,-2.166044703865914300e+00,2.323025038747044519e-04,1.483661513421866487e-04,3.365626995338862689e-05
3.901300433477825624e-01,3.519688835017039546e-06,4.148405820307591793e-04,-2.215587405602084559e+00,2.074202910153795897e-04,1.552307570487406071e-04,3.370803079268464204e-05
3.904634878292764233e-01,3.648314471210804427e-06,3.635131415788023256e-04,-2.256274278369249320e+00,1.817565707894011628e-04,1.609843968906769828e-04,3.376171015143444734e-05
3.907969323107702286e-01,3.760164702778469950e-06,3.110931072429072878e-04,-2.288206597951592425e+00,1.555465536214536439e-04,1.655733619112500414e-04,3.381691967524613768e-05
3.911303767922640895e-01,3.855298561707510878e-06,2.578550406455029989e-04,-2.311513544136653664e+00,1.289275203227514995e-04,1.689634952688719497e-04,3.387325962031745123e-05
3.914638212737578948e-01,3.933037964045473326e-06,2.036052018002840430e-04,-2.325925415295009291e+00,1.018026009001420215e-04,1.710769773843073176e-04,3.393030429433689540e-05
3.917972657552517002e-01,3.992544632800462662e-06,1.485374691196314782e-04,-2.331119262962138006e+00,7.426873455981573911e-05,1.718418684924648721e-04,3.398760401707529374e-05
3.921307102367455610e-01,4.033235376988549479e-06,9.287361080426829204e-05,-2.326900893177894503e+00,4.643680540213414602e-05,1.712205046024890560e-04,3.404469654945358148e-05
3.924641547182393664e-01,4.054783538108105034e-06,3.684718246023611010e-05,-2.313204472542302881e+00,1.842359123011805505e-05,1.692107875026001729e-04,3.410111895275554794e-05
3.927975991997332272e-01,4.057118990139839360e-06,-1.929647290116974761e-05,-2.290092528215548651e+00,-9.648236450584873804e-06,1.658464041234580431e-04,3.415641952098610911e-05
3.931310436812270326e-01,4.040428139546773322e-06,-7.530022486332564645e-05,-2.257755947917997386e+00,-3.765011243166282323e-05,1.611958995431057114e-04,3.421016940412818937e-05
3.934644881627208934e-01,4.005153925274239455e-06,-1.308951556043543929e-04,-2.216513979930162304e+00,-6.544757780217719647e-05,1.553606213998378661e-04,3.426197354597541943e-05
3.937979326442146988e-01,3.951993714628246335e-06,-1.858032404998676706e-04,-2.166812984665118513e+00,-9.290162024993383531e-05,1.484714188653302603e-04,3.431148052125562270e-05
3.941313771257085596e-01,3.881431658785632456e-06,-2.399337033340272034e-04,-2.108978083756270827e+00,-1.199668516670136017e-04,1.406514239337049459e-04,3.435837996238056801e-05
3.944648216072023650e-01,3.793264451835170324e-06,-2.931439912351400251e-04,-2.042992369083652893e+00,-1.465719956175700125e-04,1.319877085022254707e-04,3.440239053540565040e-05
3.947982660886962258e-01,3.687425637522854149e-06,-3.451894414868987744e-04,-1.968911813034486924e+00,-1.725947207434493872e-04,1.225892898759666698e-04,3.444326725760503936e-05
3.951317105701900312e-01,3.564079440384831059e-06,-3.958398591715591363e-04,-1.886903583943543072e+00,-1.979199295857795682e-04,1.125898961987230909e-04,3.448080973716446788e-05
3.954651550516838920e-01,3.423620765747265989e-06,-4.448795171700088789e-04,-1.797246046093041283e+00,-2.224397585850044394e-04,1.021445204158663285e-04,3.451486926381196798e-05
3.957985995331776974e-01,3.266675199726501351e-06,-4.921071561617004157e-04,-1.700328759712760762e+00,-2.460535780808502078e-04,9.142517519958681216e-05,3.454535448395187848e-05
3.961320440146715582e-01,3.094099009228874077e-06,-5.373359846247165086e-04,-1.596652480979920075e+00,-2.686679923123582543e-04,8.061591735380989885e-05,3.457223541671407047e-05
3.964654884961653636e-01,2.906979141950920594e-06,-5.803936788357064083e-04,-1.486829162019306816e+00,-2.901968394178532041e-04,6.990723758625689514e-05,3.459554559930368178e-05
3.967989329776591689e-01,2.706550207923005830e-06,-6.211523988864245741e-04,-1.371538260905702744e+00,-3.105761994432122870e-04,5.948614901286300194e-05,3.461538092741734221e-05
3.971323774591530298e-01,2.493394625348564232e-06,-6.595987339996963730e-04,-1.251120766804240558e+00,-3.297993669998481865e-04,4.949923255775979424e-05,3.463188617335190419e-05
3.974658219406468351e-01,2.267947839879328115e-06,-6.955299382837803850e-04,-1.125852586514344500e+00,-3.477649691418901925e-04,4.008326221719403244e-05,3.464525171593849600e-05
3.977992664221406960e-01,2.030826824590969806e-06,-7.287432830111610681e-04,-9.960957356024762177e-01,-3.643716415055805341e-04,3.137633127486366648e-05,3.465571398045162396e-05
3.981327109036345013e-01,1.782802400028882050e-06,-7.590691535806970078e-04,-8.622821664054600710e-01,-3.795345767903485039e-04,2.351249998905230137e-05,3.466355409381909595e-05
3.984661553851283622e-01,1.524799234207864819e-06,-7.863710495176661278e-04,-7.249137680303102682e-01,-3.931855247588330639e-04,1.661776818965105416e-05,3.466909519691667744e-05
3.987995998666221675e-01,1.257895842612452902e-06,-8.105455844737243822e-04,-5.845623663544092796e-01,-4.052727922368621911e-04,1.080591892552761099e-05,3.467269837094986518e-05
3.991330443481160284e-01,9.833245881965730669e-07,-8.315224862269424014e-04,-4.418697240253255387e-01,-4.157612431134712007e-04,6.174310860477100115e-06,3.467475716083331954e-05
3.994664888296098337e-01,7.024716813839008746e-07,-8.492645966817736168e-04,-2.975475404609986274e-01,-4.246322983408868084e-04,2.799707943093001012e-06,3.467569070799673433e-05
3.997999333111036946e-01,4.167246942860116557e-07,-8.637979911308374739e-04,-1.522992561765664221e-01,-4.318989955654187370e-04,7.334923091699783338e-07,3.467593528695944841e-05
4.001333777925974999e-01,1.268004400728627851e-07,-8.751707739312611844e-04,-6.485954962363899012e-03,-4.375853869656305922e-04,1.330294689289647865e-09,3.467593573053887317e-05
4.004668222740913608e-01,-1.663053730669886684e-07,-8.832051124709546126e-04,1.393830439910118679e-01,-4.416025562354773063e-04,6.143556967469422482e-07,3.467614058405562525e-05
4.008002667555851661e-01,-4.615054111795879099e-07,-8.877523458971978273e-04,2.847595227353879599e-01,-4.438761729485989137e-04,2.564227259669800874e-06,3.467699561148465833e-05
4.011337112370790270e-01,-7.576815528292953999e-07,-8.887172859697119089e-04,4.290883109343508472e-01,-4.443586429848559545e-04,5.822283757672647059e-06,3.467893701987334333e-05
4.014671557185728323e-01,-1.053684889098393355e-06,-8.860582170606528781e-04,5.718072858630534050e-01,-4.430291085303264390e-04,1.033949599949620233e-05,3.468238466775580298e-05
4.018006002000666377e-01,-1.348335723587432131e-06,-8.797868961546145145e-04,7.123473724083823067e-01,-4.398934480773072572e-04,1.604662314662487201e-05,3.468773532569065210e-05
4.021340446815604985e-01,-1.640423572415079134e-06,-8.699685528486248874e-04,8.501325430688850826e-01,-4.349842764243124437e-04,2.285458199601256575e-05,3.469535605993407220e-05
4.024674891630543039e-01,-1.928707164217975458e-06,-8.567218893521545958e-04,9.845798179547040618e-01,-4.283609446760772979e-04,3.065503798525083995e-05,3.470557781318023771e-05
4.028009336445481647e-01,-2.211914440151074068e-06,-8.402190804871028902e-04,1.115099264787732691e+00,-4.201095402435514451e-04,3.932122678512465423e-05,3.471868925925730346e-05
4.031343781260419701e-01,-2.489197396098423646e-06,-8.206684029132839918e-04,1.241319449608585312e+00,-4.103342014566419959e-04,4.872671351365507486e-05,3.473493691297975809e-05
4.034678226075358309e-01,-2.759962449900843563e-06,-7.980646470330860940e-04,1.362987113514124271e+00,-3.990323235165430470e-04,5.874670320716388202e-05,3.475452567697014014e-05
4.038012670890296363e-01,-3.022714053875224246e-06,-7.722974502411628431e-04,1.479397168211843638e+00,-3.861487251205814215e-04,6.921011424394296965e-05,3.477760340762834333e-05
4.041347115705234971e-01,-3.276081595753496482e-06,-7.433251796538541600e-04,1.589914760233444024e+00,-3.716625898269270800e-04,7.993697000893882861e-05,3.480425794914516498e-05
4.044681560520173025e-01,-3.518844950965609816e-06,-7.111766873612779174e-04,1.693988105762127327e+00,-3.555883436806389587e-04,9.074458383615704288e-05,3.483451622985078304e-05
4.048016005335111633e-01,-3.749934482639867980e-06,-6.759513104272913417e-04,1.791148490632741730e+00,-3.379756552136456709e-04,1.014526003173650358e-04,3.486834503955980912e-05
4.051350450150049687e-01,-3.968431041602605746e-06,-6.378188708895335141e-04,1.881010270331644030e+00,-3.189094354447667571e-04,1.118876966959545568e-04,3.490565337457013096e-05
4.054684894964988295e-01,-4.173565966378498096e-06,-5.970196757593790749e-04,1.963270869996828871e+00,-2.985098378796895375e-04,1.218878581576821973e-04,3.494629620823391927e-05
4.058019339779926349e-01,-4.364721083190266723e-06,-5.538645170219884221e-04,2.037710784417809506e+00,-2.769322585109942111e-04,1.313061561049497466e-04,3.499007952137328016e-05
4.061353784594864957e-01,-4.541428705958957012e-06,-5.087346716362536100e-04,2.104193578035725487e+00,-2.543673358181268050e-04,1.400139737764531113e-04,3.503676640826106130e-05
4.064688229409803011e-01,-4.703413687154813835e-06,-4.619807861172138780e-04,2.162679831443601763e+00,-2.309903930586069390e-04,1.479055464435050159e-04,3.508608469650497286e-05
4.068022674224741064e-01,-4.850207554588958777e-06,-4.134638596850581486e-04,2.213002673262796094e+00,-2.067319298425290743e-04,1.548687799795390270e-04,3.513772483654483591e-05
4.071357119039679673e-01,-4.980674098708238419e-06,-3.632656803944688873e-04,2.254679134753366121e+00,-1.816328401972344437e-04,1.607568514531234108e-04,3.519132832152420604e-05
4.074691563854617726e-01,-5.093858719313566851e-06,-3.115474818223399646e-04,2.287323015115092062e+00,-1.557737409111699823e-04,1.654455154705364935e-04,3.524649521564576066e-05
4.078026008669556335e-01,-5.189056336032666681e-06,-2.585007108613273166e-04,2.310675300443576941e+00,-1.292503554306636583e-04,1.688409721680075707e-04,3.530279430606523221e-05
4.081360453484494388e-01,-5.265811388319914882e-06,-2.043470277199177921e-04,2.324604163730202622e+00,-1.021735138599588961e-04,1.708826706173569693e-04,3.535977418956551488e-05
4.084694898299432997e-01,-5.323917835456472380e-06,-1.493383059223583539e-04,2.329104964862160454e+00,-7.466915296117917697e-05,1.715450229331449646e-04,3.541697493079030821e-05
4.088029343114371050e-01,-5.363419156550179877e-06,-9.375663230872844939e-05,2.324300250622434394e+00,-4.687831615436422470e-05,1.708379919667097192e-04,3.547393991644109631e-05
4.091363787929309659e-01,-5.384608350535638314e-06,-3.791430703486671841e-05,2.310439754689805891e+00,-1.895715351743335920e-05,1.688065512807264141e-04,3.553022752940565609e-05
4.094698232744247712e-01,-5.387992165605344139e-06,1.790589224683359222e-05,2.287878158668900763e+00,8.952946123416796108e-06,1.655258339533502226e-04,3.558542120528207086e-05
4.098032677559186321e-01,-5.373528599857556877e-06,7.369492955809238128e-05,2.256676039738318540e+00,3.684746477904619064e-05,1.610417330671039054e-04,3.563911968246349969e-05
4.101367122374124374e-01,-5.340655435536544316e-06,1.292586588432768793e-04,2.216646182773598373e+00,6.462932942163843967e-05,1.553791547622399201e-04,3.569093000415814182e-05
4.104701567189062983e-01,-5.289043006627564206e-06,1.843643387842249968e-04,2.167718144328376173e+00,9.218216939211249840e-05,1.485954890185150633e-04,3.574047834994624885e-05
4.108036012004001036e-01,-5.218626256821544723e-06,2.387774285994418203e-04,2.109951555470401807e+00,1.193887142997209101e-04,1.407812989513046627e-04,3.578742109717909363e-05
4.111370456818939645e-01,-5.129604739515017545e-06,2.922615880441728573e-04,2.043536121781471593e+00,1.461307940220864287e-04,1.320579762373965175e-04,3.583145510059269868e-05
4.114704901633877698e-01,-5.022442617810208491e-06,3.445786774103316115e-04,1.968791623357508236e+00,1.722893387051658057e-04,1.225743237232464471e-04,3.587232683241104765e-05
4.118039346448815752e-01,-4.897868664514945191e-06,3.954887575265624662e-04,1.886167914808484003e+00,1.977443787632812331e-04,1.125021198380016517e-04,3.590984004342738842e-05
4.121373791263754360e-01,-4.756876262142685038e-06,4.447500897582130105e-04,1.796244925258449809e+00,2.223750448791065053e-04,1.020307568863176699e-04,3.594386163625377196e-05
4.124708236078692414e-01,-4.600601521279885475e-06,4.921697778219541811e-04,1.699668080375060120e+00,2.460848889109770905e-04,9.135414071426038653e-05,3.597432317033655205e-05
4.128042680893631022e-01,-4.429360703782190631e-06,5.377446664336228525e-04,1.596656102664100185e+00,2.688723332168114263e-04,8.061628307612851198e-05,3.600120422504682962e-05
4.131377125708569076e-01,-4.243364667389914408e-06,5.812555221864230395e-04,1.487386046072917356e+00,2.906277610932115197e-04,6.995961417045930752e-05,3.602453187231940680e-05
4.134711570523507684e-01,-4.043045692777696762e-06,6.224752552381708146e-04,1.372141989618007596e+00,3.112376276190854073e-04,5.953853019891409482e-05,3.604438466665049089e-05
4.138046015338445738e-01,-3.829024850456013987e-06,6.612044265409993326e-04,1.251296206382968457e+00,3.306022132704996663e-04,4.951311568336597471e-05,3.606089454183667223e-05
4.141380460153384346e-01,-3.602112000770918681e-06,6.972712478414128242e-04,1.125309163518344757e+00,3.486356239207064121e-04,4.004457702904336031e-05,3.607424718506075734e-05
4.144714904968322400e-01,-3.363305793904319265e-06,7.305315816802360716e-04,9.947295222417900096e-01,3.652657908401180358e-04,3.129032073567801389e-05,3.608468076983424475e-05
4.148049349783261008e-01,-3.113793669873682675e-06,7.608689413926615717e-04,8.601941378378972214e-01,3.804344706963307858e-04,2.339876615171372187e-05,3.609248295928129725e-05
4.151383794598199062e-01,-2.854951858532346914e-06,7.881944911082056256e-04,7.224280596583747549e-01,3.940972455541028128e-04,1.650399988450017961e-05,3.609798612696536057e-05
4.154718239413137670e-01,-2.588071640325446873e-06,8.125037646455025245e-04,5.821037018382682060e-01,4.062518823227512623e-04,1.071521087353769172e-05,3.610155905489918136e-05
4.158052684228075724e-01,-2.313807096696118879e-06,8.337686870310747483e-04,4.395707484074324323e-01,4.168843435155373742e-04,6.110230144850149646e-06,3.610359647742163695e-05
4.161387129043014332e-01,-2.033039188971374120e-06,8.517902434506746060e-04,2.952982994175185616e-01,4.258951217253373030e-04,2.757540450582550138e-06,3.610451596406738186e-05
4.164721573857952386e-01,-1.746740393652126463e-06,8.664112662564217322e-04,1.497933774913197125e-01,4.332056331282108661e-04,7.095536303748313326e-07,3.610475256080975605e-05
4.168056018672890439e-01,-1.455963038961972861e-06,8.775217299629915584e-04,3.594743852390447358e-03,4.387608649814957792e-04,4.086353177352192748e-10,3.610475269706694539e-05
4.171390463487829048e-01,-1.161839304847329511e-06,8.850587512476029532e-04,-1.427271016748811183e-01,4.425293756238014766e-04,6.441883901942745599e-07,3.610496749813070180e-05
4.174724908302767101e-01,-8.655812229775815676e-07,8.890065889500174635e-04,-2.885699206651999305e-01,4.445032944750087318e-04,2.633310798783109749e-06,3.610584556108461135e-05
4.178059353117705710e-01,-5.684806767447422138e-07,8.893966440725461445e-04,-4.332997360925343600e-01,4.446983220362730723e-04,5.937133973487420635e-06,3.610782526564396079e-05
4.181393797932643763e-01,-2.719094012638435652e-07,8.863074597800448982e-04,-5.762508323299222468e-01,4.431537298900224491e-04,1.050081800037910016e-05,3.611132670545735878e-05
4.184728242747582372e-01,2.278315108212122538e-08,8.798734667642778198e-04,-7.167772439626400871e-01,4.399367333821389099e-04,1.624682183775480836e-05,3.611674411854096637e-05
4.188062687562520425e-01,3.150240999795005531e-07,8.702173206370225275e-04,-8.546250382056505002e-01,4.351086603185112638e-04,2.309676867176550777e-05,3.612444560859490633e-05
4.191397132377459034e-01,6.035974713471577931e-07,8.572164491403738186e-04,-9.892094913013956825e-01,4.286082245701869093e-04,3.094400691015420529e-05,3.613476371693440282e-05
4.194731577192397087e-01,8.871535261430028044e-07,8.407714498449427943e-04,-1.119885023659272560e+00,4.203857249224713971e-04,3.965946703584374931e-05,3.614798794735648966e-05
4.198066022007335696e-01,1.164429687114435033e-06,8.208489468685558916e-04,-1.246057995435816190e+00,4.104244734342779458e-04,4.909943701486513761e-05,3.616435988367354957e-05
4.201400466822273749e-01,1.434250538797965084e-06,7.974815908762765675e-04,-1.367186706534525342e+00,3.987407954381382838e-04,5.910927791284445665e-05,3.618406954619867919e-05
4.204734911637212358e-01,1.695527827519584563e-06,7.707680590803788444e-04,-1.482781396606030366e+00,3.853840295401894222e-04,6.952712273861052161e-05,3.620725298159000946e-05
4.208069356452150411e-01,1.947260461394409893e-06,7.408730552403782095e-04,-1.592404245047933209e+00,3.704365276201891048e-04,8.018749623370070661e-05,3.623399105969394332e-05
4.211403801267089020e-01,2.188534510327022823e-06,7.080273096629962704e-04,-1.695669371004959070e+00,3.540136548314981352e-04,9.092479929834039075e-05,3.626430943225091035e-05
4.214738246082027073e-01,2.418523206011142205e-06,6.725275792022003280e-04,-1.792242833368812738e+00,3.362637896011001640e-04,1.015766077160610859e-04,3.629817959154269761e-05
4.218072690896965127e-01,2.636548951566459942e-06,6.347231870179524628e-04,-1.881872568164858261e+00,3.173615935089762314e-04,1.119903039324772796e-04,3.633552214036980349e-05
4.221407135711903735e-01,2.842558489008002115e-06,5.946895532813116329e-04,-1.964602554944436807e+00,2.973447766406558165e-04,1.220532670963718128e-04,3.637622012873137665e-05
4.224741580526841789e-01,3.035312936162068210e-06,5.523619874831513666e-04,-2.039880309094316058e+00,2.761809937415756833e-04,1.315859049268038820e-04,3.642009672257159587e-05
4.228076025341780397e-01,3.213416459678033891e-06,5.077629892139450592e-04,-2.107083088492863077e+00,2.538814946069725296e-04,1.403987764178880101e-04,3.646691191977662283e-05
4.231410470156718451e-01,3.375724406735089440e-06,4.609771618000186970e-04,-2.165719176866731210e+00,2.304885809000093485e-04,1.483215598720881759e-04,3.651636892540253011e-05
4.234744914971657059e-01,3.521343305042475661e-06,4.121512123034901955e-04,-2.215427883790948904e+00,2.060756061517450978e-04,1.552084046919872192e-04,3.656812231142853590e-05
4.238079359786595113e-01,3.649630862839270844e-06,3.614939515223325548e-04,-2.255979544688841543e+00,1.807469757611662774e-04,1.609423413434062501e-04,3.662178764698818681e-05
4.241413804601533721e-01,3.760195968894581777e-06,3.092762939903084276e-04,-2.287275520832098064e+00,1.546381469951542138e-04,1.654386448759588503e-04,3.667695225014789439e-05
4.244748249416471775e-01,3.852898692507374334e-06,2.558312579770378277e-04,-2.309348199340716334e+00,1.279156289885189138e-04,1.686470853895303396e-04,3.673318669009105507e-05
4.248082694231410383e-01,3.927850283506620019e-06,2.015539654879283074e-04,-2.322360993183046673e+00,1.007769827439641537e-04,1.705530368377257324e-04,3.679005665902661032e-05
4.251417139046348437e-01,3.985413189711990780e-06,1.469008207296014067e-04,-2.326608292087331886e+00,7.345041036480070337e-05,1.711774463385136251e-04,3.684713483386439840e-05
4.254751583861287045e-01,4.025863530267954127e-06,9.193595188722940531e-05,-2.322315072058040109e+00,4.596797594361470265e-05,1.705462920552262656e-04,3.690400255378944620e-05
4.258086028676225099e-01,4.048481017976256647e-06,3.657224867409218389e-05,-2.309198604555015244e+00,1.828612433704609195e-05,1.686252368805242756e-04,3.696022970846784888e-05
4.261420473491163707e-01,4.052531868036969321e-06,-1.900001829090167192e-05,-2.286987622593963376e+00,-9.500009145450835960e-06,1.653970001362718690e-04,3.701538042541891978e-05
4.264754918306101761e-01,4.037562484682397657e-06,-7.457469474648063573e-05,-2.255550304332859302e+00,-3.728734737324031787e-05,1.608811028663803240e-04,3.706902534134635837e-05
4.268089363121040369e-01,4.003399461177085074e-06,-1.299297427890841287e-04,-2.214894273071914554e+00,-6.496487139454206437e-05,1.551336463169888946e-04,3.712075379960477750e-05
4.271423807935978423e-01,3.950149579817834080e-06,-1.848272408727886585e-04,-2.165166597253622704e+00,-9.241362043639432923e-05,1.482458815337934729e-04,3.717018557070640966e-05
4.274758252750916476e-01,3.878199811933675777e-06,-2.390133838093724101e-04,-2.106653790462712728e+00,-1.195066919046862050e-04,1.403415724296205131e-04,3.721698169355723248e-05
4.278092697565855085e-01,3.788217317885871133e-06,-2.922184827682870029e-04,-2.039781811426164104e+00,-1.461092413841435015e-04,1.315731977186171766e-04,3.726085405024899815e-05
4.281427142380793138e-01,3.681149447067970275e-06,-3.441569652766316052e-04,-1.965116064013246566e+00,-1.720784826383158026e-04,1.221170801566265449e-04,3.730157331672336762e-05
4.284761587195731747e-01,3.558006363529388780e-06,-3.946230570474951248e-04,-1.883245916322157321e+00,-1.973115285237475624e-04,1.121538195717841586e-04,3.733897038893803480e-05
4.288096032010669800e-01,3.418795421916549365e-06,-4.436551924429227561e-04,-1.794239437867543696e+00,-2.218275962214613780e-04,1.018030516721869295e-04,3.737291605471735906e-05
4.291430476825608409e-01,3.263568569346746268e-06,-4.910304582419184162e-04,-1.698201636542967297e+00,-2.455152291209592081e-04,9.119657121454845239e-05,3.740332504812000599e-05
4.294764921640546462e-01,3.092613532595483860e-06,-5.365200913782020627e-04,-1.595351918697425209e+00,-2.682600456891010314e-04,8.048463854233586594e-05,3.743016220668697152e-05
4.298099366455485071e-01,2.906424787290459935e-06,-5.799158070180751622e-04,-1.486007717464299827e+00,-2.899579035090375811e-04,6.983001411222945201e-05,3.745344663953533571e-05
4.301433811270423124e-01,2.705703557911791872e-06,-6.210297985603608966e-04,-1.370584492761494078e+00,-3.105148992801804483e-04,5.940344440526639137e-05,3.747325439025399801e-05
4.304768256085361733e-01,2.491357817791770994e-06,-6.596947376364610842e-04,-1.249595731291287315e+00,-3.298473688182305421e-04,4.937863336068546572e-05,3.748971942305182509e-05
4.308102700900299786e-01,2.264502289115128533e-06,-6.957637741103024024e-04,-1.123652946540488307e+00,-3.478818870551512012e-04,3.992678948381443358e-05,3.750303279066896677e-05
4.311437145715238395e-01,2.026458442918750183e-06,-7.291105360783871293e-04,-9.934656787802744748e-01,-3.645552680391935647e-04,3.121086005021453245e-05,3.751343987971538727e-05
4.314771590530176448e-01,1.778349658228740099e-06,-7.597179765261236669e-04,-8.596326446772066809e-01,-3.798589882630618334e-04,2.336822895417037469e-05,3.752123188670244172e-05
4.318106035345115057e-01,1.520735617430712051e-06,-7.874919818820079638e-04,-7.224703885407597337e-01,-3.937459909410039819e-04,1.650593396313098377e-05,3.752673569929435178e-05
4.321440480160053110e-01,1.254374958506189868e-06,-8.122165562614814746e-04,-5.823980992222526076e-01,-4.061082781307407373e-04,1.072605199252592955e-05,3.753031224213947392e-05
4.324774924974991164e-01,9.801419456142297023e-07,-8.337171748354118683e-04,-4.398849839542453566e-01,-4.168585874177059341e-04,6.118969296899868103e-06,3.753235257868395340e-05
4.328109369789929772e-01,6.990262677402480242e-07,-8.518608832250660744e-04,-2.954501608404677127e-01,-4.259304416125330372e-04,2.760377390011044682e-06,3.753327301129149950e-05
4.331443814604867826e-01,4.121330386961677312e-07,-8.665562975021032363e-04,-1.496626588558926940e-01,-4.332781487510516181e-04,7.083157730881437292e-07,3.753350919527718505e-05
4.334778259419806434e-01,1.206827971200892881e-07,-8.777536041885947680e-04,-3.141417846567962080e-03,-4.388768020942973840e-04,3.120695633731995692e-10,3.753350929933506065e-05
4.338112704234744488e-01,-1.739884935233295897e-07,-8.854445602570042975e-04,1.434447114701900006e-01,-4.427222801285021487e-04,6.506824339919109301e-07,3.753372626580188035e-05
4.341447149049683096e-01,-4.704294449432591252e-07,-8.896624931302032782e-04,2.893769675059922886e-01,-4.448312465651016391e-04,2.648060617121942964e-06,3.753460924700132215e-05
4.344781593864621150e-01,-7.674170083923879315e-07,-8.905290268505833187e-04,4.340612730223263882e-01,-4.452645134252916593e-04,5.958021685158744306e-06,3.753659591645285590e-05
4.348116038679559758e-01,-1.064270201527571429e-06,-8.880812925020043717e-04,5.771746808758178027e-01,-4.440406462510021858e-04,1.053451493017739014e-05,3.754010859232153263e-05
4.351450483494497812e-01,-1.359709245499761567e-06,-8.821396735265650242e-04,7.180870068462521516e-01,-4.410698367632825121e-04,1.630625153181371797e-05,3.754554582190866731e-05
4.354784928309436420e-01,-1.652464561865530390e-06,-8.725841843410716290e-04,8.561815540812135472e-01,-4.362920921705358145e-04,2.318097688834477510e-05,3.755327539072772324e-05
4.358119373124374474e-01,-1.941306346316771149e-06,-8.593623326515993166e-04,9.908703611854855486e-01,-4.296811663257996583e-04,3.104800331238390077e-05,3.756362817609364070e-05
4.361453817939313082e-01,-2.225044568681082435e-06,-8.424891194534789860e-04,1.121594202221237069e+00,-4.212445597267394930e-04,3.978061668339746468e-05,3.757689280319714310e-05
4.364788262754251136e-01,-2.502528972921391249e-06,-8.220470390313147592e-04,1.247822586707841186e+00,-4.110235195156573796e-04,4.923859873251421580e-05,3.759331114222098718e-05
4.368122707569189744e-01,-2.772649077136321882e-06,-7.981860789589617557e-04,1.369053759622049338e+00,-3.990930394794808779e-04,5.927082938806417501e-05,3.761307467319400003e-05
4.371457152384127798e-01,-3.034334173559835505e-06,-7.711237200995531976e-04,1.484814701397826120e+00,-3.855618600497765988e-04,6.971793543801984726e-05,3.763632173402694944e-05
4.374791597199065851e-01,-3.286553328561540605e-06,-7.411449366054739547e-04,1.594661127926487731e+00,-3.705724683027369773e-04,8.041495359342912101e-05,3.766313565653226029e-05
4.378126042014004460e-01,-3.528516463225310209e-06,-7.085683854303645142e-04,1.698275328964867548e+00,-3.542841927151822571e-04,9.120448622519629833e-05,3.769354728915153159e-05
4.381460486828942513e-01,-3.760046975616215452e-06,-6.734176113276906656e-04,1.795629779510326429e+00,-3.367088056638453328e-04,1.019608855249169499e-04,3.772754558375804188e-05
4.384794931643881122e-01,-3.979704813936477698e-06,-6.356248101249037906e-04,1.886065406316939752e+00,-3.178124050624518953e-04,1.124898917546687924e-04,3.776505471738746957e-05
4.388129376458819175e-01,-4.186078057521876434e-06,-5.951968545510326770e-04,1.968944604412731225e+00,-2.975984272755163385e-04,1.225933732536182497e-04,3.780593280116659855e-05
4.391463821273757784e-01,-4.377982274043550326e-06,-5.522082127246948427e-04,2.043749957256546512e+00,-2.761041063623474213e-04,1.320856147579315115e-04,3.784997602049235566e-05
4.394798266088695837e-01,-4.554460519507723206e-06,-5.068009481541511799e-04,2.110084236737943097e+00,-2.534004740770755900e-04,1.407990051668287347e-04,3.789692467176505105e-05
4.398132710903634446e-01,-4.714783338255959448e-06,-4.591847197372477874e-04,2.167670403177289984e+00,-2.295923598686238937e-04,1.485889438488017763e-04,3.794647083510243186e-05
4.401467155718572499e-01,-4.858448762964927652e-06,-4.096367817614770114e-04,2.216351605325678875e+00,-2.048183908807385057e-04,1.553378598060284517e-04,3.799826738722181127e-05
4.404801600533511108e-01,-4.985182314646617480e-06,-3.585019839039138567e-04,2.256091180365003002e+00,-1.792509919519569284e-04,1.609582699910586708e-04,3.805193803410112426e-05
4.408136045348449161e-01,-5.094937002648143991e-06,-3.061927712312822862e-04,2.286972653907888287e+00,-1.530963856156411431e-04,1.653948350456992773e-04,3.810708802911469108e-05
4.411470490163387770e-01,-5.187887980998584016e-06,-2.531742824132071309e-04,2.309196037894868603e+00,-1.265871412066035654e-04,1.686248620288906014e-04,3.816331505880088697e-05
4.414804934978325823e-01,-5.263890035475900455e-06,-1.993953835450404247e-04,2.322767387471993406e+00,-9.969769177252021236e-05,1.706127328495307606e-04,3.822020493304214455e-05
4.418139379793264432e-01,-5.322107217771457775e-06,-1.448465088589198874e-04,2.327351370064360214e+00,-7.242325442945994369e-05,1.712868059616258747e-04,3.827731957324275288e-05
4.421473824608202485e-01,-5.361872444684949653e-06,-8.973412318680860510e-05,2.322711327212484633e+00,-4.486706159340430255e-05,1.706044974328382825e-04,3.833420670142975842e-05
4.424808269423140539e-01,-5.382767676727204471e-06,-3.427377715045388249e-05,2.308734844901883410e+00,-1.713688857522694124e-05,1.685575131875139473e-04,3.839041127401646050e-05
4.428142714238079147e-01,-5.384623918120146352e-06,2.130989283858567961e-05,2.285433753563066439e+00,1.065494641929283981e-05,1.651723220802581583e-04,3.844548707330964539e-05
4.431477159053017201e-01,-5.367521216796802782e-06,7.678316457891226588e-05,2.252944128071555419e+00,3.839158228945613294e-05,1.605095374180974684e-04,3.849900809278883449e-05
4.434811603867955809e-01,-5.331788664401305461e-06,1.319032300793533566e-04,2.211526287747851427e+00,6.595161503967667828e-05,1.546622101849011585e-04,3.855057935327062767e-05
4.438146048682893863e-01,-5.278004396288906393e-06,1.864181955588882457e-04,2.161564796357479779e+00,9.320909777944412283e-05,1.477530713923194173e-04,3.859984679955016587e-05
4.441480493497832471e-01,-5.206913246868208823e-06,2.401171775074242647e-04,2.103523583241174943e+00,1.200585887537121324e-04,1.399248244702265846e-04,3.864650396009375132e-05
4.444814938312770525e-01,-5.118617248684957740e-06,2.929593373123542347e-04,2.037531068338965135e+00,1.464796686561771174e-04,1.312829960107130955e-04,3.869027955062750328e-05
4.448149383127709133e-01,-5.012958345568918251e-06,3.447262004694844973e-04,1.963595785585230624e+00,1.723631002347422486e-04,1.219282056643557736e-04,3.873093583794472541e-05
4.451483827942647187e-01,-4.890002200813551554e-06,3.951871171172766746e-04,1.881835789214823196e+00,1.975935585586383373e-04,1.119859265419854212e-04,3.876827692715512915e-05
4.454818272757585795e-01,-4.750038204578038509e-06,4.441246730924032710e-04,1.792476784363561393e+00,2.220623365462016355e-04,1.016031281171955866e-04,3.880215592952831457e-05
4.458152717572523849e-01,-4.593579473887440572e-06,4.913346899296811574e-04,1.695852127068341098e+00,2.456673449648405787e-04,9.094439976308360009e-05,3.883248083775208510e-05
4.461487162387462457e-01,-4.421362852632520221e-06,5.366262248621366231e-04,1.592402824267014072e+00,2.683131124310683116e-04,8.018735314338411996e-05,3.885921886814334422e-05
4.464821607202400511e-01,-4.234348911569940864e-06,5.798215708209416251e-04,1.482677533798519853e+00,2.899107854104708126e-04,6.951738289527075224e-05,3.888239905583766164e-05
4.468156052017339119e-01,-4.033721943761772833e-06,6.207562593222851937e-04,1.367332561917522504e+00,3.103781296611425968e-04,5.912189047878820577e-05,3.890211292395329764e-05
4.471490496832277173e-01,-3.820487864515772034e-06,6.593825501189807745e-04,1.246923121905545884e+00,3.296912750594903872e-04,4.916763924708258715e-05,3.891850760192832026e-05
4.474824941647215226e-01,-3.595046698879098313e-06,6.955846443082252216e-04,1.121701224391000284e+00,3.477923221541126108e-04,3.978820875372702484e-05,3.893177476056577187e-05
4.478159386462153835e-01,-3.357951546828233123e-06,7.291344770767735827e-04,9.919984830383365981e-01,3.645672385383867914e-04,3.111874086028117967e-05,3.894215113297667198e-05
4.481493831277091888e-01,-3.109909515059944065e-06,7.598373084529447957e-04,8.582164526915355696e-01,3.799186542264723979e-04,2.329129693283242541e-05,3.894991748740576096e-05
4.484828276092030497e-01,-2.851781716991007493e-06,7.875317233066595271e-04,7.208266293739539199e-01,3.937658616533297636e-04,1.643091105374185757e-05,3.895539628402254657e-05
4.488162720906968550e-01,-2.584583272758534188e-06,8.120896313493992979e-04,5.803704502885034255e-01,4.060448156746996489e-04,1.065149540189792538e-05,3.895894796638396803e-05
4.491497165721907159e-01,-2.309483309219630552e-06,8.334162671342439967e-04,4.374592938174668433e-01,4.167081335671219983e-04,6.051670799112782932e-06,3.896096586261575082e-05
4.494831610536845212e-01,-2.027804959951749700e-06,8.514501900558383782e-04,2.927744795226854269e-01,4.257250950279191891e-04,2.710606248763596965e-06,3.896186969931090166e-05
4.498166055351783821e-01,-1.741025184083196866e-06,8.661633385056283479e-04,1.470671741600873828e-01,4.330816692528141739e-04,6.839612469159911285e-07,3.896209776241424334e-05
4.501500500166721874e-01,-1.450230054554406007e-06,8.776397242056989271e-04,8.809009568984671468e-04,4.388198621028494635e-04,2.453884760465077818e-11,3.896209777059658161e-05
4.504834944981660483e-01,-1.156214331149691940e-06,8.858020051481637833e-04,-1.453820731004432654e-01,4.429010025740818916e-04,6.683773359059564511e-07,3.896232063733079756e-05
4.508169389796598536e-01,-8.600994317080191503e-07,8.904637177702196460e-04,-2.911545041591224736e-01,4.452318588851098230e-04,2.680692665287042933e-06,3.896321449950662321e-05
4.511503834611537145e-01,-5.630295401457832165e-07,8.914963316341722489e-04,-4.358664350953979083e-01,4.457481658170861245e-04,6.007680844592723650e-06,3.896521772753082591e-05
4.514838279426475198e-01,-2.661716064572055245e-07,8.888292494274300419e-04,-5.789451955144083728e-01,4.444146247137150210e-04,1.059924445063971928e-05,3.896875198710089510e-05
4.518172724241413807e-01,2.928465328606335416e-08,8.824498069625053833e-04,-7.198154017503656243e-01,4.412249034812526917e-04,1.638484245464554188e-05,3.897421542239754109e-05
4.521507169056351860e-01,3.221267569345457690e-07,8.724032731770182264e-04,-8.578989568663637488e-01,4.362016365885091132e-04,2.327406696327881548e-05,3.898197603158836056e-05
4.524841613871289914e-01,6.111194562612861798e-07,8.587928501336899393e-04,-9.926150506545439178e-01,4.293964250668449696e-04,3.115743602139794895e-05,3.899236530668719839e-05
4.528176058686228522e-01,8.950047369616967848e-07,8.417796730203443894e-04,-1.123380159636022668e+00,4.208898365101721947e-04,3.990740594855481685e-05,3.900567221097148043e-05
4.531510503501166576e-01,1.172530230037448563e-06,8.215830951223301220e-04,-1.249622212904553109e+00,4.107915475611650610e-04,4.938072626112551672e-05,3.902213794163540917e-05
4.534844948316105184e-01,1.443283495848184664e-06,7.983764296846469679e-04,-1.371189462363182399e+00,3.991882148423234839e-04,5.945589678534812198e-05,3.904196318231075222e-05
4.538179393131043238e-01,1.706144974946925390e-06,7.720789090462160586e-04,-1.487566419376766369e+00,3.860394545231080293e-04,6.997658301578702411e-05,3.906529648775115880e-05
4.541513837945981846e-01,1.959622156725825662e-06,7.426238459682492094e-04,-1.598056395925337991e+00,3.713119229841246047e-04,8.075774865455366037e-05,3.909222471337788770e-05
4.544848282760919900e-01,2.202390433546187384e-06,7.100158941498165097e-04,-1.702054364948444309e+00,3.550079470749082549e-04,9.161083790111582646e-05,3.912277184172103920e-05
4.548182727575858508e-01,2.433293100738793593e-06,6.743310482278072919e-04,-1.799046960345293655e+00,3.371655241139036459e-04,1.023493289756000085e-04,3.915689966065255111e-05
4.551517172390796562e-01,2.651341356603587226e-06,6.357166437769732822e-04,-1.888612476974615983e+00,3.178583218884866411e-04,1.127939248697811317e-04,3.919451017244640731e-05
4.554851617205735170e-01,2.855714302409980074e-06,5.943913573098812218e-04,-1.970420870654793433e+00,2.971956786549406109e-04,1.227772771637409806e-04,3.923544957796949717e-05
4.558186062020673224e-01,3.045758942396559707e-06,5.506452062769641486e-04,-2.044233758163740866e+00,2.753226031384820743e-04,1.321481573440879092e-04,3.927951365177545891e-05
4.561520506835611832e-01,3.220990183771360950e-06,5.048395490664666458e-04,-2.109904417239014229e+00,2.524197745332333229e-04,1.407750086577681532e-04,3.932645430154464180e-05
4.564854951650549886e-01,3.381090836711617279e-06,4.574070850045025755e-04,-2.167377786577711074e+00,2.287035425022512878e-04,1.485488301334163274e-04,3.937598708918499504e-05
4.568189396465488494e-01,3.525903373432247101e-06,4.085240620372645472e-04,-2.216663615716949032e+00,2.042620310186322736e-04,1.553815987487230010e-04,3.942779822581344418e-05
4.571523841280426548e-01,3.654635158920342774e-06,3.580649127143077843e-04,-2.257436290816579483e+00,1.790324563571538922e-04,1.611502579702116667e-04,3.948153289002491651e-05
4.574858286095364601e-01,3.766251352959143660e-06,3.061906908620598013e-04,-2.289270079516433576e+00,1.530953454310299007e-04,1.657273035502558481e-04,3.953679374482660928e-05
4.578192730910303210e-01,3.859967829354958024e-06,2.530879104516190283e-04,-2.311866535986478066e+00,1.265439552258095142e-04,1.690151041300254104e-04,3.959315089858786733e-05
4.581527175725241263e-01,3.935252052227132271e-06,1.989672876151566609e-04,-2.325054850548459395e+00,9.948364380757833045e-05,1.709489374114946233e-04,3.965015287838496782e-05
4.584861620540179872e-01,3.991823076008147512e-06,1.440637406458545895e-04,-2.328791849675927672e+00,7.203187032292729473e-05,1.714989024344010411e-04,3.970733824098396592e-05
4.588196065355117925e-01,4.029651545443523843e-06,8.863638999797717345e-05,-2.323161995994219353e+00,4.431819499898858672e-05,1.706707076235826587e-04,3.976424744659369292e-05
4.591530510170056534e-01,4.048959695591892773e-06,3.296855828679865407e-05,-2.308377388280460796e+00,1.648427914339932704e-05,1.685053224086841689e-04,3.982043461645320682e-05
4.594864954984994587e-01,4.050221351641301182e-06,-2.263223435048362215e-05,-2.284777761030880594e+00,-1.131611717524181107e-05,1.650775162173244394e-04,3.987547880325457907e-05
4.598199399799933196e-01,4.033881457883684492e-06,-7.803579509420733185e-05,-2.252675518605697480e+00,-3.901789754710366593e-05,1.604712658867294924e-04,3.992898706130283844e-05
4.601533844614871249e-01,3.999555407709559841e-06,-1.331732680515260647e-04,-2.211963297285435726e+00,-6.658663402576303235e-05,1.547233404000752629e-04,3.998057870531753979e-05
4.604868289429809858e-01,3.946851773676706196e-06,-1.878176728578270533e-04,-2.162539741390974601e+00,-9.390883642891352664e-05,1.478863855631935007e-04,4.002989060447165295e-05
4.608202734244747911e-01,3.875633285209154604e-06,-2.417436778867419311e-04,-2.104427966653251492e+00,-1.208718389433709655e-04,1.400451681588432056e-04,4.007658789295409266e-05
4.611537179059686520e-01,3.786016828597118733e-06,-2.947276002502198619e-04,-2.037775560213193504e+00,-1.473638001251099310e-04,1.313145042924879734e-04,4.012037398975052034e-05
4.614871623874624573e-01,3.678373446997091010e-06,-3.465474057984550067e-04,-1.962854580621796519e+00,-1.732737028992275034e-04,1.218361737553059235e-04,4.016099958953554908e-05
4.618206068689563182e-01,3.553328340431721499e-06,-3.969827091199578913e-04,-1.880061557840036368e+00,-1.984913545599789456e-04,1.117748610689580833e-04,4.019827030012873250e-05
4.621540513504501235e-01,3.411760865789962739e-06,-4.458147735414860172e-04,-1.789917493238967428e+00,-2.229073867707430086e-04,1.013131981722401574e-04,4.023205262696175896e-05
4.624874958319439289e-01,3.254802126231309912e-06,-4.928278817270140364e-04,-1.693066556090496944e+00,-2.464139408635070182e-04,9.064587842673836886e-05,4.026227799489331515e-05
4.628209403134377897e-01,3.083232988052755959e-06,-5.379782647339381588e-04,-1.589962652226521778e+00,-2.689891323669690794e-04,7.994178586268070174e-05,4.028893414222998402e-05
4.631543847949315951e-01,2.897202220817295720e-06,-5.811450752150352974e-04,-1.480744890669426939e+00,-2.905725376075176487e-04,6.933627172785533318e-05,4.031205393940499496e-05
4.634878292764254559e-01,2.697073525195245725e-06,-6.220977468863698664e-04,-1.365663286714734026e+00,-3.110488734431849332e-04,5.897762350764555338e-05,4.033171970249524251e-05
4.638212737579192613e-01,2.483393404758922057e-06,-6.606320899848244690e-04,-1.245053050605933853e+00,-3.303160449924122345e-04,4.902027163359848940e-05,4.034806524155279530e-05
4.641547182394131221e-01,2.256891165982377350e-06,-6.965702912681539984e-04,-1.119334587534332126e+00,-3.482851456340769992e-04,3.962049046584798585e-05,4.036127647545270907e-05
4.644881627209069275e-01,2.018478918241682851e-06,-7.297609140149350065e-04,-9.890134976392114252e-01,-3.648804570074675032e-04,3.093174615351341192e-05,4.037159049551057176e-05
4.648216072024007883e-01,1.769251573814626028e-06,-7.600788980246127573e-04,-8.546805760076624514e-01,-3.800394490123063787e-04,2.309977065599908241e-05,4.037929298655958170e-05
4.651550516838945937e-01,1.510486847881030751e-06,-7.874255596174581850e-04,-7.170118126747576648e-01,-3.937127798087290925e-04,1.625745727488609176e-05,4.038471394597101895e-05
4.654884961653884545e-01,1.243611437919459057e-06,-8.117388396417927251e-04,-5.767507930480625378e-01,-4.058694198208963625e-04,1.051904712452913285e-05,4.038822146418526789e-05
4.658219406468822599e-01,9.694992159392644629e-07,-8.330638440709959213e-04,-4.343524423728378214e-01,-4.165319220354979607e-04,5.966017676803367012e-06,4.039021079985609099e-05
4.661553851283761207e-01,6.889172750241490870e-07,-8.512383163380189688e-04,-2.902262037819632878e-01,-4.256191581690094844e-04,2.663625981445433784e-06,4.039109897124036256e-05
4.664888296098699261e-01,4.028112988104518064e-07,-8.660772686241933463e-04,-1.448671910922912365e-01,-4.330386343120966731e-04,6.636514977578842326e-07,4.039132026216992654e-05
4.668222740913637869e-01,1.122033018187096170e-07,-8.774433320774282672e-04,1.199525596917716541e-03,-4.387216660387141336e-04,4.550080076093603510e-11,4.039132027734191970e-05
4.671557185728575923e-01,-1.818083705459609902e-07,-8.852467568121907306e-04,1.474189199038001830e-01,-4.426233784060953653e-04,6.872368678861011463e-07,4.039154943268299149e-05
4.674891630543513976e-01,-4.780490419942028419e-07,-8.894454119095203740e-04,2.932060091640608102e-01,-4.447227059547601870e-04,2.718602635460472132e-06,4.039245593572916225e-05
4.678226075358452585e-01,-7.752677053522713341e-07,-8.900447854170210173e-04,4.379458544308989509e-01,-4.450223927085105086e-04,6.065140130768835978e-06,4.039447832323525442e-05
4.681560520173390638e-01,-1.072137022561887896e-06,-8.870979843488629394e-04,5.809935604749363325e-01,-4.435489921744314697e-04,1.067437946911246373e-05,4.039803763616260055e-05
4.684894964988329247e-01,-1.367253324680586002e-06,-8.807057346857823359e-04,7.216742757843852552e-01,-4.403528673428911680e-04,1.646957719396422546e-05,4.040352932579046035e-05
4.688229409803267300e-01,-1.659600922630382586e-06,-8.710332414400146894e-04,8.595158285351041094e-01,-4.355166207200073447e-04,2.336187833243745065e-05,4.041131921519774197e-05
4.691563854618205909e-01,-1.948481629756573449e-06,-8.580800437869948605e-04,9.941995157048049148e-01,-4.290400218934974303e-04,3.125698573145023435e-05,4.042174168459802689e-05
4.694898299433143962e-01,-2.232475352682685862e-06,-8.417093224033756448e-04,1.125042817662589512e+00,-4.208546612016878224e-04,4.002562322458375359e-05,4.043508800778060987e-05
4.698232744248082571e-01,-2.510243929529966197e-06,-8.218511167380067014e-04,1.251412491732344812e+00,-4.109255583690033507e-04,4.952231880803189228e-05,4.045160095169792602e-05
4.701567189063020624e-01,-2.780546067173128691e-06,-7.985044358437946594e-04,1.372732150361101855e+00,-3.992522179218973297e-04,5.958975647112144938e-05,4.047147082714678710e-05
4.704901633877959233e-01,-3.042237341240726869e-06,-7.717372583776769884e-04,1.488482261119204786e+00,-3.858686291888384942e-04,7.006277372710432603e-05,4.049483287240423845e-05
4.708236078692897286e-01,-3.294270196114793975e-06,-7.416865326006527896e-04,1.598200146700148316e+00,-3.708432663003263948e-04,8.077227819319229677e-05,4.052176594282544804e-05
4.711570523507835895e-01,-3.535693944931189414e-06,-7.085581763777476678e-04,1.701479984920732491e+00,-3.542790881888738339e-04,9.154901783456000119e-05,4.055229245760855986e-05
4.714904968322773948e-01,-3.765654769579266286e-06,-6.726270771780529798e-04,1.797972808720916360e+00,-3.363135385890264899e-04,1.022271466423872342e-04,4.058637953551532795e-05
4.718239413137712557e-01,-3.983395720702189030e-06,-6.342370920746828993e-04,1.887386506163955202e+00,-3.171185460373414497e-04,1.126475346715793030e-04,4.062394123430544880e-05
4.721573857952650610e-01,-4.188546709376397442e-06,-5.936980868926881741e-04,1.969623106089875453e+00,-2.968490434463440871e-04,1.226778795836847686e-04,4.066484749625399743e-05
4.724908302767588664e-01,-4.380742148064685624e-06,-5.509487430221484718e-04,2.044565172818204157e+00,-2.754743715110742359e-04,1.321910089855471784e-04,4.070892585870332744e-05
4.728242747582527272e-01,-4.558502326338240402e-06,-5.059867436998446988e-04,2.111547060099319140e+00,-2.529933718499223494e-04,1.409942916516911051e-04,4.075593962717671690e-05
4.731577192397465326e-01,-4.720550810547825581e-06,-4.588787313361913879e-04,2.170010620580701044e+00,-2.294393656680956939e-04,1.489099503420046285e-04,4.080559282835778087e-05
4.734911637212403934e-01,-4.865873253744101222e-06,-4.097520085010541253e-04,2.219533899096983731e+00,-2.048760042505270627e-04,1.557842561167874034e-04,4.085753822886354237e-05
4.738246082027341988e-01,-4.993717395677416120e-06,-3.587945379238121637e-04,2.259831132669873899e+00,-1.793972689619060818e-04,1.614923576290921167e-04,4.091138696431839195e-05
4.741580526842280596e-01,-5.103593062797994152e-06,-3.062549424932929361e-04,2.290752750508217250e+00,-1.531274712466464680e-04,1.659420432955134735e-04,4.096671942290308686e-05
4.744914971657218650e-01,-5.195272168255767411e-06,-2.524425052578397103e-04,2.312285374007945205e+00,-1.262212526289198551e-04,1.690763501952062672e-04,4.102309699882680051e-05
4.748249416472157258e-01,-5.268788711900523589e-06,-1.977271694252421457e-04,2.324551816752116640e+00,-9.886358471262107284e-05,1.708749746054192946e-04,4.108007431613437536e-05
4.751583861287095312e-01,-5.324438780281780617e-06,-1.425395383628076337e-04,2.327811084510888584e+00,-7.126976918140381684e-05,1.713544801402174607e-04,4.113721152191637906e-05
4.754918306102033920e-01,-5.362735643265051155e-06,-8.727730716896749217e-05,2.322429395181447642e+00,-4.363865358448374608e-05,1.705630838031999886e-04,4.119408484095712783e-05
4.758252750916971974e-01,-5.383516920510264260e-06,-3.176751655809608452e-05,2.308396453711592411e+00,-1.588375827904804226e-05,1.685081058702645070e-04,4.125027293894654269e-05
4.761587195731910582e-01,-5.386007936330448480e-06,2.387672388571516406e-05,2.285415569580698136e+00,1.193836194285758203e-05,1.651696937138579814e-04,4.130534786182545710e-05
4.764921640546848636e-01,-5.369677021652719345e-06,7.944755884309361374e-05,2.253316352656659305e+00,3.972377942154680687e-05,1.605625795958586378e-04,4.135888656792610749e-05
4.768256085361787244e-01,-5.334269618883488839e-06,1.347264903289431895e-04,2.212065812657986186e+00,6.736324516447159474e-05,1.547376823093292409e-04,4.141048299417130152e-05
4.771590530176725298e-01,-5.279808281908488270e-06,1.894843776923705063e-04,2.161768359153846575e+00,9.474218884618525313e-05,1.477809016425800403e-04,4.145975972029420617e-05
4.774924974991663351e-01,-5.206592676092730153e-06,2.434814376167496229e-04,2.102665801564021386e+00,1.217407188083748115e-04,1.398107297393820991e-04,4.150637883657942842e-05
4.778259419806601960e-01,-5.115199578280518375e-06,2.964672441196934466e-04,2.035137349158920639e+00,1.482336220598467233e-04,1.309747111112647994e-04,4.155005163121472546e-05
4.781593864621540013e-01,-5.006482876795503253e-06,3.481807285530282535e-04,1.959699611059620317e+00,1.740903642765141267e-04,1.214448248476302059e-04,4.159054673786615532e-05
4.784928309436478622e-01,-4.881562226922705143e-06,3.983563466447480003e-04,1.877000486716067895e+00,1.991781733223740001e-04,1.114111790849119332e-04,4.162769618070873671e-05
4.788262754251416675e-01,-4.740986163105120920e-06,4.469841772246227691e-04,1.787381971788469137e+00,2.234920886123113845e-04,1.010263694840866146e-04,4.166138286609855914e-05
4.791597199066355284e-01,-4.584714378284480862e-06,4.939522723852394484e-04,1.690895262299079160e+00,2.469761361926197242e-04,9.041352769488414398e-05,4.169153075796081339e-05
4.794931643881293337e-01,-4.412984646313113702e-06,5.390310057114693120e-04,1.587734911572778129e+00,2.695155028557346560e-04,7.971792550603507346e-05,4.171811226029693376e-05
4.798266088696231946e-01,-4.226233208006454023e-06,5.820126837575102709e-04,1.478189159066117586e+00,2.910063418787551355e-04,6.909713266178690307e-05,4.174115231787006036e-05
4.801600533511169999e-01,-4.025094771143280277e-06,6.227115460468269715e-04,1.362639930367457453e+00,3.113557730234134857e-04,5.871677883380305813e-05,4.176073110374328040e-05
4.804934978326108608e-01,-3.810402510465459401e-06,6.609637650722079323e-04,1.241562837196819258e+00,3.304818825361039662e-04,4.874582324393796681e-05,4.177698512949984064e-05
4.808269423141046661e-01,-3.583188067678216603e-06,6.966274462957116600e-04,1.115527177406042458e+00,3.483137231478558300e-04,3.935141114285430964e-05,4.179010664038442110e-05
4.811603867955985270e-01,-3.344681551449851600e-06,7.295826281487171727e-04,9.851959349786202358e-01,3.647913140743585863e-04,3.069341577825637334e-05,4.180034119049387352e-05
4.814938312770923323e-01,-3.096231767780042206e-06,7.597552423972239082e-04,8.512842161468401336e-01,3.798776211986119541e-04,2.291654606389476051e-05,4.180798258631378115e-05
4.818272757585861932e-01,-2.838565253723118246e-06,7.871565397399892580e-04,7.141850561240505879e-01,3.935782698699946290e-04,1.612952274291291858e-05,4.181336088666153184e-05
4.821607202400799985e-01,-2.572361614612802945e-06,8.115944764503911935e-04,5.742762738629544339e-01,4.057972382251955968e-04,1.042897791284902002e-05,4.181683837179418864e-05
4.824941647215738039e-01,-2.298454714203075241e-06,8.328818377607272692e-04,4.320074737881294258e-01,4.164409188803636346e-04,5.901773261708586541e-06,4.181880628551933282e-05
4.828276092030676647e-01,-2.017785716944137058e-06,8.508725190316996940e-04,2.878741200214407492e-01,4.254362595158498470e-04,2.620627215059485950e-06,4.181968011920224944e-05
4.831610536845614701e-01,-1.731403087982562170e-06,8.654615257524082839e-04,1.424175363821150730e-01,4.327307628762041419e-04,6.413970197693231789e-07,4.181989398949894574e-05
4.834944981660553309e-01,-1.440462593160963529e-06,8.765849735403704115e-04,-3.775093613428426309e-03,4.382924867701852058e-04,4.506666814763275579e-10,4.181989413977125743e-05
4.838279426475491363e-01,-1.146227299018375702e-06,8.842200881415011654e-04,-1.500707267513838872e-01,4.421100440707505827e-04,7.121836046012910730e-07,4.182013161346401973e-05
4.841613871290429971e-01,-8.500675727898686208e-07,8.883852054301286365e-04,-2.957904601207539397e-01,4.441926027150643183e-04,2.766739853381145087e-06,4.182105416759986067e-05
4.844948316105368025e-01,-5.534332840412514586e-07,8.891452707742931094e-04,-4.402237470534210440e-01,4.445726353871465547e-04,6.128397575924294048e-06,4.182309764795194887e-05
4.848282760920306633e-01,-2.570687678460421163e-07,8.866589817122480814e-04,-5.830234208462761192e-01,4.433294908561240407e-04,1.074909751084902326e-05,4.182668187519797713e-05
4.851617205735244687e-01,3.799785745388361520e-08,8.808063417805540906e-04,-7.236890141047740421e-01,4.404031708902770453e-04,1.656166363038637807e-05,4.183220427053989068e-05
4.854951650550183295e-01,3.304576733049587925e-07,8.714270310146758841e-04,-8.615821454730016038e-01,4.357135155073379421e-04,2.347433948473501744e-05,4.184003165949779006e-05
4.858286095365121349e-01,6.190498874113386163e-07,8.584295318077343143e-04,-9.960973260483660940e-01,4.292147659038671572e-04,3.137643147084920135e-05,4.185049395742071639e-05
4.861620540180059957e-01,9.025618337352874726e-07,8.417911289104938700e-04,-1.126661959381779932e+00,4.208955644552469350e-04,4.014091446512645773e-05,4.186387872383122980e-05
4.864954984994998011e-01,1.179828972496796233e-06,8.215579094313793735e-04,-1.252736341477480364e+00,4.107789547156896867e-04,4.962715200583684322e-05,4.188042662379983736e-05
4.868289429809936619e-01,1.449734890173959394e-06,7.978447628364548384e-04,-1.373813660793203884e+00,3.989223814182274192e-04,5.968368933427336935e-05,4.190032782064353735e-05
4.871623874624874673e-01,1.711211299502605881e-06,7.708353809494493825e-04,-1.489419998240018472e+00,3.854176904747246913e-04,7.015107999843304856e-05,4.192371931113985197e-05
4.874958319439812726e-01,1.963238039476616681e-06,7.407822579517316401e-04,-1.599114327182466377e+00,3.703911289758658200e-04,8.086470911804983304e-05,4.195068320214287281e-05
4.878292764254751335e-01,2.204843075347783390e-06,7.080066903823189779e-04,-1.702488513438500162e+00,3.540033451911594889e-04,9.165757880462976090e-05,4.198124591598236454e-05
4.881627209069689388e-01,2.435652215523345464e-06,6.727565511685892246e-04,-1.799431421916569906e+00,3.363782755842946123e-04,1.023930783487329854e-04,4.201538832290091090e-05
4.884961653884627997e-01,2.655040981968901819e-06,6.349508709109268284e-04,-1.889689426585204446e+00,3.174754354554634142e-04,1.129225992368355273e-04,4.205304174045237464e-05
4.888296098699566050e-01,2.861455695910166074e-06,5.945582578229615701e-04,-1.972552414177886293e+00,2.972791289114807851e-04,1.230430545580816928e-04,4.209406976798090989e-05
4.891630543514504659e-01,3.053572630320181740e-06,5.516165111505629557e-04,-2.047431608536439906e+00,2.758082555752814778e-04,1.325619266276227841e-04,4.213827181087107453e-05
4.894964988329442712e-01,3.230304935123270421e-06,5.062319562489027598e-04,-2.113862972256826733e+00,2.531159781244513799e-04,1.413037419756663581e-04,4.218538876384728299e-05
4.898299433144381321e-01,3.390802637195290578e-06,4.585794445823972924e-04,-2.171507206689244462e+00,2.292897222911986462e-04,1.491154179184963160e-04,4.223511047705785201e-05
4.901633877959319374e-01,3.534452640363399940e-06,4.089023537247683305e-04,-2.220149751938037763e+00,2.044511768623841653e-04,1.558707188529446282e-04,4.228708470808584550e-05
4.904968322774257983e-01,3.660878725406271495e-06,3.575125873589792588e-04,-2.259700786861777555e+00,1.787562936794896294e-04,1.614737285868771133e-04,4.234092723178937371e-05
4.908302767589196036e-01,3.769941550053899518e-06,3.047905752773016398e-04,-2.290195229073193062e+00,1.523952876386508199e-04,1.658612794611570996e-04,4.239623276011920142e-05
4.911637212404134645e-01,3.861738648987770252e-06,2.511852733812462582e-04,-2.311792734939226435e+00,1.255926366906231291e-04,1.690043134616212126e-04,4.245258631579163226e-05
4.914971657219072698e-01,3.936592950361374512e-06,1.970897564211613402e-04,-2.324763256791510191e+00,9.854487821058067012e-05,1.709060614190374108e-04,4.250957399882565921e-05
4.918306102034011307e-01,3.994274198865243970e-06,1.423155086899172378e-04,-2.329061480606145373e+00,7.115775434495861889e-05,1.715386175214751404e-04,4.256677260420127680e-05
4.921640546848949360e-01,4.033833001046814655e-06,8.697038368537650952e-05,-2.324303870049263310e+00,4.348519184268825476e-05,1.708385240288585614e-04,4.262373776726525022e-05
4.924974991663887414e-01,4.054555638646284779e-06,3.124488989630162783e-05,-2.310229227773956229e+00,1.562244494815081392e-05,1.687757894282081292e-04,4.268001512285984439e-05
4.928309436478826022e-01,4.056016626774823986e-06,-2.464933095451277839e-05,-2.286720586972794234e+00,-1.232466547725638920e-05,1.653583778790244290e-04,4.273515296143238270e-05
4.931643881293764076e-01,4.038078713914581815e-06,-8.047950391021113821e-05,-2.253805211377845286e+00,-4.023975195510556910e-05,1.606322555042007940e-04,4.278871490058016528e-05
4.934978326108702684e-01,4.000892881918689396e-06,-1.359917207799423702e-04,-2.211654595260643230e+00,-6.799586038997118510e-05,1.546801569751174237e-04,4.284029214532011855e-05
4.938312770923640738e-01,3.944898346011275547e-06,-1.909109401387858044e-04,-2.160584463432232649e+00,-9.545547006939290218e-05,1.476190810953706368e-04,4.288951491327455738e-05
4.941647215738579346e-01,3.870822554787422721e-06,-2.449409873278244471e-04,-2.101054771243110686e+00,-1.224704936639122235e-04,1.395965701357289616e-04,4.293606261922178251e-05
4.944981660553517400e-01,3.779681103298100281e-06,-2.977646130090141592e-04,-2.033669657008685405e+00,-1.488823065045070796e-04,1.307858676020754037e-04,4.297967244503107787e-05
4.948316105368456008e-01,3.672108386587381449e-06,-3.493130793607874944e-04,-1.958823667936220092e+00,-1.746565396803937472e-04,1.213362827179066266e-04,4.302013135890833402e-05
4.951650550183394062e-01,3.547886157014590590e-06,-3.995576988523469059e-04,-1.876479509439431093e+00,-1.997788494261734530e-04,1.113493414477259629e-04,4.305726018233205048e-05
4.954984994998332670e-01,3.407092599856246021e-06,-4.482618490754850882e-04,-1.786759134006345784e+00,-2.241309245377425441e-04,1.009559737010923280e-04,4.309092339463652002e-05
4.958319439813270724e-01,3.250017776101189428e-06,-4.952074930115116106e-04,-1.689885490282958092e+00,-2.476037465057558053e-04,9.030557329734347340e-05,4.312103528970065523e-05
4.961653884628209332e-01,3.077163622450396975e-06,-5.401951790313176986e-04,-1.586182523073110140e+00,-2.700975895156588493e-04,7.956211524982317526e-05,4.314756483796668087e-05
4.964988329443147386e-01,2.889243951317188522e-06,-5.830440408953138382e-04,-1.476075173338619706e+00,-2.915220204476569191e-04,6.889963980046658607e-05,4.317053904263506065e-05
4.968322774258085994e-01,2.687184450826998925e-06,-6.235917977534892985e-04,-1.360089378199143884e+00,-3.117958988767446493e-04,5.849717562725459375e-05,4.319004460303094292e-05
4.971657219073024048e-01,2.472122684817626643e-06,-6.616947541453557530e-04,-1.238852070932324079e+00,-3.308473770726778765e-04,4.853319722631782844e-05,4.320622772981531061e-05
4.974991663887962101e-01,2.245362397655833467e-06,-6.972442839861882650e-04,-1.113067158643296972e+00,-3.486221419930941325e-04,3.917804294213351535e-05,4.321929143203008658e-05
4.978326108702900710e-01,2.007649430640301856e-06,-7.302445121409089019e-04,-9.831471253401931065e-01,-3.651222560704544509e-04,3.056588870229753278e-05,4.322948345893982199e-05
4.981660553517838763e-01,1.759525369278247216e-06,-7.605113629606865275e-04,-8.494099876844357633e-01,-3.802556814803432638e-04,2.281574879606417664e-05,4.323709124446701901e-05
4.984994998332777372e-01,1.501705770930917505e-06,-7.878465506649939961e-04,-7.122568334936216772e-01,-3.939232753324969981e-04,1.604254437389752888e-05,4.324244054235761589e-05
4.988329443147715425e-01,1.235036820859487063e-06,-8.120883197106508380e-04,-5.721466550371417936e-01,-4.060441598553254190e-04,1.035177267934024067e-05,4.324589228383121680e-05
4.991663887962654034e-01,9.604953322247131415e-07,-8.331114447918599054e-04,-4.295963490359975268e-01,-4.165557223959299527e-04,5.836079020816656265e-06,4.324783829217427103e-05
4.994998332777592087e-01,6.791887460872893257e-07,-8.508272308401744130e-04,-2.851807166629887202e-01,-4.254136154200872065e-04,2.571818476941883896e-06,4.324869585085280610e-05
4.998332777592530696e-01,3.923551314074798310e-07,-8.651835130245267777e-04,-1.395324635425212456e-01,-4.325917565122633889e-04,6.156735895610240166e-07,4.324890114381364613e-05
5.001667222407468749e-01,1.013631850454985487e-07,-8.761646567512043323e-04,6.657800249196155207e-03,-4.380823283756021661e-04,1.401720813972931819e-09,4.324890161120971969e-05
5.005001667222407358e-01,-1.923281070493791797e-07,-8.838005389952145784e-04,1.526622745756738841e-01,-4.419002694976072892e-04,7.369931607263576045e-07,4.324914735751206232e-05
5.008336112037345966e-01,-4.879224621913841049e-07,-8.882128597677360496e-04,2.980953928065250280e-01,-4.441064298838680248e-04,2.810027226000924609e-06,4.325008434558341573e-05
5.011670556852283465e-01,-7.844271274069831294e-07,-8.892610539203037916e-04,4.424628007445574607e-01,-4.446305269601518958e-04,6.190896280508580969e-06,4.325214866578365485e-05
5.015005001667222073e-01,-1.080641452843960646e-06,-8.867811306785903505e-04,5.851697763118507423e-01,-4.433905653392951752e-04,1.082838712811286317e-05,4.325575933171500346e-05
5.018339446482160682e-01,-1.375373171152324875e-06,-8.806710794395552740e-04,7.256345053538907353e-01,-4.403355397197776370e-04,1.665082867303148848e-05,4.326131145864832596e-05
5.021673891297098180e-01,-1.667438397484605723e-06,-8.708908697714522673e-04,8.632880816397181523e-01,-4.354454348857261336e-04,2.356739009001195854e-05,4.326916987481705523e-05
5.025008336112036789e-01,-1.955661629496144688e-06,-8.574624514138136887e-04,9.975745068620612832e-01,-4.287312257069068443e-04,3.146956098371502691e-05,4.327966322626210780e-05
5.028342780926975397e-01,-2.238875747344511248e-06,-8.404697542774697402e-04,1.127950690637061992e+00,-4.202348771387348701e-04,4.023279728197179687e-05,4.329307863049083817e-05
5.031677225741914006e-01,-2.515922013689893131e-06,-8.200586884445374087e-04,1.253886450504460015e+00,-4.100293442222687043e-04,4.971831697647189924e-05,4.330965692891580119e-05
5.035011670556851504e-01,-2.785650073694909125e-06,-7.964371441684307655e-04,1.374864511927506250e+00,-3.982185720842153828e-04,5.977503019317446763e-05,4.332958858286484481e-05
5.038346115371790113e-01,-3.046949222107036629e-06,-7.698735962042935286e-04,1.490395979043276142e+00,-3.849367981021467643e-04,7.024304672316759651e-05,4.335301073915799949e-05
5.041680560186728721e-01,-3.299566041262930975e-06,-7.405290015171857613e-04,1.600416369424833229e+00,-3.702645007585928807e-04,8.099644720592255706e-05,4.338001855749941741e-05
5.045015005001667330e-01,-3.542372580813971786e-06,-7.083146385680550230e-04,1.704413800978555216e+00,-3.541573192840275115e-04,9.186500102623766368e-05,4.341065043513403618e-05
5.048349449816604828e-01,-3.773857996737496422e-06,-6.731803514179612478e-04,1.801691406942305118e+00,-3.365901757089806239e-04,1.026504397996759406e-04,4.344487865780815298e-05
5.051683894631543437e-01,-3.992712401245388301e-06,-6.351481145524036798e-04,1.891659991772849603e+00,-3.175740572762018399e-04,1.131582330529294021e-04,4.348261064615525191e-05
5.055018339446482045e-01,-4.197826862783615692e-06,-5.943120328813902625e-04,1.973838031145664029e+00,-2.971560164406951312e-04,1.232034941861981272e-04,4.352369217139240347e-05
5.058352784261420654e-01,-4.388293406032539607e-06,-5.508383417393919934e-04,2.047851671955065456e+00,-2.754191708696959967e-04,1.326163266164887976e-04,4.356791235365865058e-05
5.061687229076358152e-01,-4.563405011906784212e-06,-5.049654068853698125e-04,2.113434732314156683e+00,-2.524827034426849063e-04,1.412464953350738028e-04,4.361501021805847027e-05
5.065021673891296761e-01,-4.722655617555461285e-06,-4.570037245027129113e-04,2.170428701554913964e+00,-2.285018622513564556e-04,1.489673347748508381e-04,4.366468255376198518e-05
5.068356118706235369e-01,-4.865740116361824626e-06,-4.073359211993298596e-04,2.218782740228051775e+00,-2.036679605996649298e-04,1.556788295456563922e-04,4.371659280035940470e-05
5.071690563521172868e-01,-4.992554357943461491e-06,-3.564167540076063762e-04,2.258553680103105865e+00,-1.782083770038031881e-04,1.613098302580953712e-04,4.377038067306966837e-05
5.075025008336111476e-01,-5.103079383599732961e-06,-3.044773490141816966e-04,2.289827732155754081e+00,-1.522386745070908483e-04,1.658080537643357387e-04,4.382566845358462063e-05
5.078359453151050085e-01,-5.196592987083957492e-06,-2.513440523142726219e-04,2.312313809479722870e+00,-1.256720261571363110e-04,1.690805086744322206e-04,4.388204741613027811e-05
5.081693897965988693e-01,-5.272194919086938607e-06,-1.972001520926539508e-04,2.325656883157439569e+00,-9.860007604632697539e-05,1.710374773949984199e-04,4.393907891909626135e-05
5.085028342780926192e-01,-5.329237582177313540e-06,-1.422533372211128315e-04,2.329629487156109846e+00,-7.112666861055641574e-05,1.716222966688593372e-04,4.399630542682179734e-05
5.088362787595864800e-01,-5.367327988626229815e-06,-8.672747191162824901e-05,2.324132124021989654e+00,-4.336373595581412450e-05,1.708132779720345970e-04,4.405326217172743591e-05
5.091697232410803409e-01,-5.386327760407231741e-06,-3.086259571648139683e-05,2.309193264880379015e+00,-1.543129785824069841e-05,1.686244570404034652e-04,4.410948906637245651e-05
5.095031677225742017e-01,-5.386353129196343424e-06,2.508507647181758803e-05,2.284969349435630015e+00,1.254253823590879401e-05,1.651052022921441892e-04,4.416454248494270187e-05
5.098366122040679516e-01,-5.367774936372052672e-06,8.084315442049314158e-05,2.251744785971156126e+00,4.042157721024657079e-05,1.603386902109763131e-04,4.421800653636350078e-05
5.101700566855618124e-01,-5.331217723325262248e-06,1.361247200400123416e-04,2.209931375703849454e+00,6.806236002000617079e-05,1.544392115479279143e-04,4.426950343918041180e-05
5.105035011670556733e-01,-5.277143290035866724e-06,1.908321388827091442e-04,2.159845074501256512e+00,9.541606944135457209e-05,1.475180628382565364e-04,4.431869252315448845e-05
5.108369456485495341e-01,-5.205273709282388269e-06,2.448412986241459014e-04,2.101432272555303626e+00,1.224206493120729507e-04,1.396467379117433984e-04,4.436525695726977901e-05
5.111703901300432840e-01,-5.115437146263082546e-06,2.979109725671158981e-04,2.034698188466697477e+00,1.489554862835579491e-04,1.309181913497507916e-04,4.440891090570250308e-05
5.115038346115371448e-01,-5.007701159971978781e-06,3.498098257227980502e-04,1.959764094629280473e+00,1.749049128613990251e-04,1.214528172201558741e-04,4.444940867736644428e-05
5.118372790930310057e-01,-4.882372703199054246e-06,4.003164148106510048e-04,1.876867317230163756e+00,2.001582074053255024e-04,1.113953708384729665e-04,4.448655284903649590e-05
5.121707235745247555e-01,-4.739998122530175819e-06,4.492191882584680015e-04,1.786361236249673023e+00,2.246095941292340008e-04,1.009110144428477254e-04,4.452020106992440326e-05
5.125041680560186164e-01,-4.581363158346927183e-06,4.963164862024238176e-04,1.688715285461245941e+00,2.481582431012119088e-04,9.018054775109822963e-05,4.455027127591009312e-05
5.128376125375124772e-01,-4.407492944826895977e-06,5.414165404869766482e-04,1.584514952431613999e+00,2.707082702434883241e-04,7.939491418175074556e-05,4.457674507190267471e-05
5.131710570190063381e-01,-4.219605378531837627e-06,5.843570460347820815e-04,1.474437049798847488e+00,2.921785230173910407e-04,6.874679732278075168e-05,4.459966831209032453e-05
5.135045015005000879e-01,-4.018321599296710800e-06,6.251264577365877196e-04,1.358845470659913346e+00,3.125632288682938598e-04,5.839022412202236808e-05,4.461913821009700026e-05
5.138379459819939488e-01,-3.803986437607093240e-06,6.635322166101704361e-04,1.237973943109914154e+00,3.317661083050852180e-04,4.846441864113554715e-05,4.463529840304169904e-05
5.141713904634878096e-01,-3.577144245466387678e-06,6.993582243760879894e-04,1.112153046678037382e+00,3.496791121880439947e-04,3.911371903912388591e-05,4.464834065680598998e-05
5.145048349449816705e-01,-3.338504217484326492e-06,7.324197713651322455e-04,9.817889986430573535e-01,3.662098856825661227e-04,3.048149914214720580e-05,4.465850454448260106e-05
5.148382794264754203e-01,-3.088940390877125867e-06,7.625635365183056503e-04,8.473636540334188449e-01,3.812817682591528251e-04,2.270594929790685734e-05,4.466607571797306540e-05
5.151717239079692812e-01,-2.829491645467146981e-06,7.896675873868604784e-04,7.094345056270564553e-01,3.948337936934302392e-04,1.591565864420353465e-05,4.467138270651730791e-05
5.155051683894631420e-01,-2.561361703683395755e-06,8.136413801322386593e-04,5.686346839516640550e-01,4.068206900661193296e-04,1.022507946932123439e-05,4.467479220283918930e-05
5.158386128709570029e-01,-2.285919130561195477e-06,8.344257595261127605e-04,4.256729572845157072e-01,4.172128797630563803e-04,5.729967005923731613e-06,4.467670282871646030e-05
5.161720573524507527e-01,-2.004587455328657424e-06,8.520176621400859769e-04,2.812771689426616373e-01,4.260088310700429885e-04,2.501894339163941144e-06,4.467753707157713850e-05
5.165055018339446136e-01,-1.718122081404333785e-06,8.664682042414387697e-04,1.358320960538818012e-01,4.332341021207193848e-04,5.834515593234960082e-07,4.467773162027981388e-05
5.168389463154384744e-01,-1.427459972947507098e-06,8.775999780337778375e-04,-1.017765687683658271e-02,4.387999890168889187e-04,3.275635811723866545e-09,4.467773271252249744e-05
5.171723907969323353e-01,-1.133657826240999670e-06,8.852535255157659025e-04,-1.562138604257167218e-01,4.426267627578829513e-04,7.716833501523060675e-07,4.467799002607706884e-05
5.175058352784260851e-01,-8.378169406384092465e-07,8.893218192833158772e-04,-3.017244185950952451e-01,4.446609096416579386e-04,2.878862470656698819e-06,4.467894996688089677e-05
5.178392797599199460e-01,-5.410832185637153539e-07,8.897502625295956348e-04,-4.461433688136153819e-01,4.448751312647978174e-04,6.294320958703016202e-06,4.468104877346932088e-05
5.181727242414138068e-01,-2.446471655118696829e-07,8.865366890450193356e-04,-5.888908819359358615e-01,4.432683445225096678e-04,1.096654083211715805e-05,4.468470550599087530e-05
5.185061687229075567e-01,5.025610995149973930e-08,8.797313632172566429e-04,-7.293732622428790169e-01,4.398656816086283215e-04,1.682285405787211529e-05,4.469031499383945049e-05
5.188396132044014175e-01,3.423468961903828921e-07,8.694369800312215556e-04,-8.669829474415693404e-01,4.347184900156107778e-04,2.376955827194655695e-05,4.469824082187276985e-05
5.191730576858952784e-01,6.303008784977963211e-07,8.558086650690848764e-04,-1.001098508665150044e+00,4.279043325345424382e-04,3.169229054978759254e-05,4.470880844126249470e-05
5.195065021673891392e-01,9.132344231832979656e-07,8.390438111182290434e-04,-1.131325825233073568e+00,4.195219055591145217e-04,4.047393241146146658e-05,4.472230425066945454e-05
5.198399466488828891e-01,1.190491529993942926e-06,8.191357699306390161e-04,-1.257376489669142394e+00,4.095678849653195080e-04,4.999547182989974754e-05,4.473897496485081408e-05
5.201733911303767499e-01,1.460593266418140323e-06,7.959727904052950765e-04,-1.378549710090040348e+00,3.979863952026475383e-04,6.009590261875186965e-05,4.475901361193942551e-05
5.205068356118706108e-01,1.722179921576002215e-06,7.695113141272269010e-04,-1.494212248116542296e+00,3.847556570636134505e-04,7.060323230132201945e-05,4.478255587012592231e-05
5.208402800933644716e-01,1.974027482216496142e-06,7.397773598941732214e-04,-1.603806713140892404e+00,3.698886799470866107e-04,8.133997863359136151e-05,4.480967823712612692e-05
5.211737245748582215e-01,2.215047632717272117e-06,7.068665237165989556e-04,-1.706851562326729965e+00,3.534332618582994778e-04,9.212797131995280808e-05,4.484039780075399126e-05
5.215071690563520823e-01,2.444287755084978357e-06,6.709439788176510804e-04,-1.802941100609223524e+00,3.354719894088255402e-04,1.027928904918778150e-04,4.487467352282530514e-05
5.218406135378459432e-01,2.660930928954782496e-06,6.322444756332233585e-04,-1.891745480694865256e+00,3.161222378166116793e-04,1.131684611002467956e-04,4.491240892165832769e-05
5.221740580193398040e-01,2.864295931590694522e-06,5.910723418119147050e-04,-1.973010703061610416e+00,2.955361709059573525e-04,1.231002351067551469e-04,4.495345601572527046e-05
5.225075025008335539e-01,3.053837237885424468e-06,5.478014822150532566e-04,-2.046558615958819161e+00,2.739007411075266283e-04,1.324489060942314817e-04,4.499762037254228733e-05
5.228409469823274147e-01,3.229332487965982149e-06,5.027680937339989780e-04,-2.112372804577955065e+00,2.513840468669994890e-04,1.411045880545146387e-04,4.504467091874253006e-05
5.231743914638212756e-01,3.390500770389210812e-06,4.558808845882912674e-04,-2.170381222956770717e+00,2.279404422941456337e-04,1.489608174606814588e-04,4.509434108128360422e-05
5.235078359453150254e-01,3.535965604470633805e-06,4.071636673319938005e-04,-2.219976017606327900e+00,2.035818336659969002e-04,1.558463249708704835e-04,4.514630717830623338e-05
5.238412804268088863e-01,3.664547422455052033e-06,3.567121547112387433e-04,-2.260653297052732214e+00,1.783560773556193716e-04,1.616098862489915428e-04,4.520019510303080511e-05
5.241747249083027471e-01,3.775344428290392009e-06,3.046746484610157908e-04,-2.292052035572007984e+00,1.523373242305078954e-04,1.661303370017816884e-04,4.525559034711276025e-05
5.245081693897966080e-01,3.867732597627905334e-06,2.512520393051070064e-04,-2.313954073190167549e+00,1.256260196525535032e-04,1.693204717687018883e-04,4.531204932402796458e-05
5.248416138712903578e-01,3.941365677822097121e-06,1.966978069561215164e-04,-2.326284115683190379e+00,9.834890347806075819e-05,1.711297478726702401e-04,4.536911159407553860e-05
5.251750583527842187e-01,3.996175187930814510e-06,1.413180201154223803e-04,-2.329109734577037294e+00,7.065901005771119017e-05,1.715457255392516690e-04,4.542631256958046330e-05
5.255085028342780795e-01,4.032370418715104790e-06,8.547133647323577063e-05,-2.322641367147623814e+00,4.273566823661788532e-05,1.705942203727340721e-04,4.548319627093849851e-05
5.258419473157719404e-01,4.050438432639314926e-06,2.956900270857827639e-05,-2.307232316420841478e+00,1.478450135428913820e-05,1.683381895583841803e-04,4.553932771127140776e-05
5.261753917972656902e-01,4.051042138286271742e-06,-2.603827625790240853e-05,-2.283319901862712165e+00,-1.301913812895120427e-05,1.648669198126246705e-04,4.559430167586381191e-05
5.265088362787595511e-01,4.033958399217273495e-06,-8.151920539149344852e-05,-2.250862468150614415e+00,-4.075960269574672426e-05,1.602130614381062901e-04,4.564772383706357576e-05
5.268422807602534119e-01,3.998590326964012417e-06,-1.367183187928955389e-04,-2.209652839356288201e+00,-6.835915939644776943e-05,1.544002834404910611e-04,4.569920775951789307e-05
5.271757252417472728e-01,3.944609198682053811e-06,-1.914130823147660383e-04,-2.159620231517033417e+00,-9.570654115738301917e-05,1.474873507511464900e-04,4.574838660271600974e-05
5.275091697232410226e-01,3.871950759069079924e-06,-2.453787207497959270e-04,-2.100823843577412031e+00,-1.226893603748979635e-04,1.395658856062744000e-04,4.579492407707622033e-05
5.278426142047348835e-01,3.780815220364787465e-06,-2.983882178307815328e-04,-2.033452857389165480e+00,-1.491941089153907664e-04,1.307579841994011580e-04,4.583852460531876409e-05
5.281760586862287443e-01,3.671667262351032446e-06,-3.502123162305165183e-04,-1.957826437711332357e+00,-1.751061581152582591e-04,1.212127704180583735e-04,4.587894233470124765e-05
5.285095031677224942e-01,3.545236032351783589e-06,-4.006195175618479333e-04,-1.874393732210203556e+00,-2.003097587809239666e-04,1.111019410977916476e-04,4.591598866384355898e-05
5.288429476492163550e-01,3.402515145232969869e-06,-4.493760823777239203e-04,-1.783733871459224352e+00,-2.246880411888619602e-04,1.006143946266090691e-04,4.594953797849064359e-05
5.291763921307102159e-01,3.244682222368916440e-06,-4.962800883178761094e-04,-1.686513301640591544e+00,-2.481400441589380547e-04,8.994552099068996826e-05,4.597952981610007835e-05
5.295098366122040767e-01,3.072118823691721385e-06,-5.413452455003068663e-04,-1.582981936915061061e+00,-2.706726227501534332e-04,7.924135961122187274e-05,4.600595241016850324e-05
5.298432810936978266e-01,2.885001495207295150e-06,-5.843787756954924115e-04,-1.473297473261075297e+00,-2.921893878477462058e-04,6.864057106869902265e-05,4.602884022979794972e-05
5.301767255751916874e-01,2.683742583834074424e-06,-6.251582862041197642e-04,-1.357733301399600467e+00,-3.125791431020598821e-04,5.829468237242969414e-05,4.604827826993547241e-05
5.305101700566855483e-01,2.468939584368752198e-06,-6.634875279624882207e-04,-1.236649241453428250e+00,-3.317437639812441104e-04,4.836075483346108101e-05,4.606440389675556393e-05
5.308436145381794091e-01,2.241375139486036365e-06,-6.991963955425670348e-04,-1.110491542947030563e+00,-3.495981977712835174e-04,3.899693826668003258e-05,4.607740721061574470e-05
5.311770590196731590e-01,2.002017039738789054e-06,-7.321409271519702631e-04,-9.797928848066399521e-01,-3.660704635759851316e-04,3.035767887208872280e-05,4.608752981110660193e-05
5.315105035011670198e-01,1.752018223557703275e-06,-7.622033046340002428e-04,-8.451723753600732802e-01,-3.811016523170001214e-04,2.258866617151366495e-05,4.609506187718580077e-05
5.318439479826608807e-01,1.492716777251785305e-06,-7.892918534675810206e-04,-7.073355523369935227e-01,-3.946459267337905103e-04,1.582162091273286382e-05,4.610033750936744137e-05
5.321773924641547415e-01,1.225452583020261879e-06,-8.133834989315080755e-04,-5.669797801641145440e-01,-4.066917494657540377e-04,1.016564975188898593e-05,4.610372718917800974e-05
5.325108369456484914e-01,9.509028854563358848e-07,-8.344757483437890587e-04,-4.244641416402452627e-01,-4.172378741718945293e-04,5.697469574154877473e-06,4.610562697896599169e-05
5.328442814271423522e-01,6.699188524114468074e-07,-8.523683290057128053e-04,-2.802422843093950733e-01,-4.261841645028564027e-04,2.483518095332782852e-06,4.610645509436957375e-05
5.331777259086362131e-01,3.834596302991458865e-07,-8.668934143080243935e-04,-1.348146301107290279e-01,-4.334467071540121967e-04,5.747434743261897666e-07,4.610664673940935687e-05
5.335111703901299629e-01,9.256437054827585027e-08,-8.779299184360889576e-04,1.128655544041323733e-02,-4.389649592180444788e-04,4.028309573003744750e-09,4.610664808262695402e-05
5.338446148716238238e-01,-2.016477703973274520e-07,-8.854034963698984104e-04,1.574971632526656062e-01,-4.427017481849492052e-04,7.844142449944136729e-07,4.610690964122815462e-05
5.341780593531176846e-01,-4.979776310782533495e-07,-8.892865438840488919e-04,3.032212406583425501e-01,-4.446432719420244459e-04,2.907496768689466433e-06,4.610787912998063660e-05
5.345115038346115455e-01,-7.951460450199030207e-07,-8.895981975477564897e-04,4.478309914136346936e-01,-4.447990987738782449e-04,6.342029967723969627e-06,4.610999384487483421e-05
5.348449483161052953e-01,-1.091793840732295523e-06,-8.864043347248551797e-04,5.906667756985128914e-01,-4.432021673624275898e-04,1.103278324698092520e-05,4.611367266556406184e-05
5.351783927975991562e-01,-1.386518789513194027e-06,-8.798215038158627588e-04,7.310557808213187236e-01,-4.399107519079313794e-04,1.690055751283430676e-05,4.611930806320088829e-05
5.355118372790930170e-01,-1.678682516159198799e-06,-8.699989788281186839e-04,8.687135232965724763e-01,-4.349994894140593420e-04,2.386454532642657368e-05,4.612726556414334221e-05
5.358452817605868779e-01,-1.967177957873469233e-06,-8.568314147584003230e-04,1.003111255344048214e+00,-4.284157073792001615e-04,3.181985577270069035e-05,4.613787571945267784e-05
5.361787262420806277e-01,-2.250622390455012765e-06,-8.402038278966161497e-04,1.133586584613280213e+00,-4.201019139483080748e-04,4.063585437171190725e-05,4.615142552084371873e-05
5.365121707235744886e-01,-2.527723442926631675e-06,-8.200694007769697555e-04,1.259530732864732272e+00,-4.100347003884848777e-04,5.016693148147841020e-05,4.616815340729969004e-05
5.368456152050683494e-01,-2.797279097534353460e-06,-7.964494821779925923e-04,1.380388535969536701e+00,-3.982247410889962961e-04,6.025633151184649157e-05,4.618824554851738365e-05
5.371790596865622103e-01,-3.058177689747812844e-06,-7.694335871225239151e-04,1.495658443909668955e+00,-3.847167935612619575e-04,7.073996723991595663e-05,4.621183340021458425e-05
5.375125041680559601e-01,-3.309397908260074752e-06,-7.391793968777252014e-04,1.604892520777870146e+00,-3.695896984388626007e-04,8.145015334015929685e-05,4.623899250436268565e-05
5.378459486495498210e-01,-3.550008794987964647e-06,-7.059127589550400362e-04,1.707696444777788036e+00,-3.529563794775200181e-04,9.221919960536984992e-05,4.626974248755886962e-05
5.381793931310436818e-01,-3.779169745071565820e-06,-6.699276871102533091e-04,1.803729508223760769e+00,-3.349638435551266545e-04,1.028828106973976629e-04,4.630404819302649669e-05
5.385128376125374317e-01,-3.996142256814266033e-06,-6.315840964759915051e-04,1.892710309759230602e+00,-3.157920482379957526e-04,1.132839270185444805e-04,4.634182209333277582e-05
5.388462820940312925e-01,-4.200859931069312182e-06,-5.910349539703237901e-04,1.974681794715718697e+00,-2.955174769851618951e-04,1.233088491721522518e-04,4.638293874860858953e-05
5.391797265755251534e-01,-4.392301351632041368e-06,-5.482070678748110146e-04,2.049199486335792741e+00,-2.741035339374055073e-04,1.327909496275948018e-04,4.642721715795423791e-05
5.395131710570190142e-01,-4.569021692393624810e-06,-5.031225531137178573e-04,2.115616608574581559e+00,-2.515612765568589287e-04,1.415382871293563959e-04,4.647441231871760303e-05
5.398466155385127641e-01,-4.729834029878182266e-06,-4.558655513397770693e-04,2.173420676501998106e+00,-2.279327756698885346e-04,1.493783261522608303e-04,4.652422169722786061e-05
5.401800600200066249e-01,-4.873809343242992091e-06,-4.065822309341265354e-04,2.222233496302810085e+00,-2.032911154670632677e-04,1.561634442886734126e-04,4.657629353593698772e-05
5.405135045015004858e-01,-5.000276514278167677e-06,-3.554807870064032212e-04,2.261811165276526925e+00,-1.777403935032016106e-04,1.617754763222519745e-04,4.663023667575767913e-05
5.408469489829943466e-01,-5.108822327406876829e-06,-3.028314413946809930e-04,2.292044071837480601e+00,-1.514157206973404965e-04,1.661291825641145908e-04,4.668563153489876900e-05
5.411803934644880965e-01,-5.199291469685262148e-06,-2.489664426655046627e-04,2.312956895514795441e+00,-1.244832213327523314e-04,1.691745689473891912e-04,4.674204186132336838e-05
5.415138379459819573e-01,-5.271786530802550296e-06,-1.942800661138170746e-04,2.324708606952416989e+00,-9.714003305690853732e-05,1.708980262963654512e-04,4.679902686509007843e-05
5.418472824274758182e-01,-5.326668003080875811e-06,-1.392286137630672008e-04,2.327592467909068485e+00,-6.961430688153360039e-05,1.713222961066156646e-04,4.685615333928368046e-05
5.421807269089696790e-01,-5.364336423036756279e-06,-8.401060009915773405e-05,2.321904830187556890e+00,-4.200530004957886703e-05,1.704860426507027332e-04,4.691300096937728461e-05
5.425141713904634289e-01,-5.384215815621777591e-06,-2.846494494016165789e-05,2.307429807314362424e+00,-1.423247247008082894e-05,1.683670090943026451e-04,4.696914201942539843e-05
5.428476158719572897e-01,-5.385568771703997092e-06,2.721590349406366547e-05,2.283894501672723454e+00,1.360795174703183274e-05,1.649499081144302883e-04,4.702414365600907434e-05
5.431810603534511506e-01,-5.367936779200366066e-06,8.282194433795707356e-05,2.251164873738781491e+00,4.141097216897853678e-05,1.602561138949925906e-04,4.707758017281301374e-05
5.435145048349449004e-01,-5.331140726860561980e-06,1.381305942764740396e-04,2.209245644315528168e+00,6.906529713823701981e-05,1.543433828852097396e-04,4.712904512209117181e-05
5.438479493164387613e-01,-5.275280904266930889e-06,1.929066875451417094e-04,2.158280294532747057e+00,9.645334377257085471e-05,1.473043903905747233e-04,4.717816295816671697e-05
5.441813937979326221e-01,-5.200737001834554347e-06,2.469024759299484617e-04,2.098551065847099828e+00,1.234512379649742309e-04,1.392640700542882440e-04,4.722459979379669518e-05
5.445148382794264830e-01,-5.108168110811211295e-06,2.998576287674176882e-04,2.030478960042073844e+00,1.499288143837088441e-04,1.303758003006610120e-04,4.726807288492728944e-05
5.448482827609202328e-01,-4.998512723277424646e-06,3.514992329445723400e-04,1.954623739228018353e+00,1.757496164722861700e-04,1.208165244335404208e-04,4.730835848827291598e-05
5.451817272424140937e-01,-4.872857441173394058e-06,4.016008429950784233e-04,1.871614084941046308e+00,2.008004214975392116e-04,1.107726663939810965e-04,4.734529502258234747e-05
5.455151717239079545e-01,-4.731343005429164445e-06,4.502059135375960646e-04,1.781584101740972814e+00,2.251029567687980323e-04,1.003720182941552198e-04,4.737876351817893092e-05
5.458486162054018154e-01,-4.574008493892108606e-06,4.971165692000596194e-04,1.684630313177162275e+00,2.485582846000298097e-04,8.974478515350457655e-05,4.740868842153121758e-05
5.461820606868955652e-01,-4.401142192099686294e-06,5.421085934120417485e-04,1.580971760722026831e+00,2.710542967060208743e-04,7.904023545065357796e-05,4.743504395185821435e-05
5.465155051683894261e-01,-4.213233680497885063e-06,5.849792538921141580e-04,1.470922671991424791e+00,2.924896269460570790e-04,6.841946658356334030e-05,4.745785804541725292e-05
5.468489496498832869e-01,-4.010973834441567554e-06,6.255473026477575017e-04,1.354892460744869132e+00,3.127736513238787508e-04,5.805099290634526570e-05,4.747721482864711290e-05
5.471823941313771478e-01,-3.795254824194246601e-06,6.636529759754211753e-04,1.233385726885391165e+00,3.318264879877105876e-04,4.810584378614003368e-05,4.749325545678520207e-05
5.475158386128708976e-01,-3.567170114928216955e-06,6.991579944604979458e-04,1.107002256459615808e+00,3.495789972302489729e-04,3.875225794503542564e-05,4.750617718334240210e-05
5.478492830943647585e-01,-3.328014466724246953e-06,7.319455629773694884e-04,9.764370216575948280e-01,3.659727814886847442e-04,3.015008040795468590e-05,4.751623056127103384e-05
5.481827275758586193e-01,-3.078996976725675696e-06,7.619865115542470745e-04,8.423319472049731749e-01,3.809932557771235372e-04,2.243709077856061138e-05,4.752371208537192206e-05
5.485161720573523692e-01,-2.820687940646757757e-06,7.892255609900307488e-04,7.050057918716075012e-01,3.946127804950153744e-04,1.571756879015004569e-05,4.752895302194749431e-05
5.488496165388462300e-01,-2.553831105378769077e-06,8.134510543130171658e-04,5.648694394794240292e-01,4.067255271565085829e-04,1.009011598433798026e-05,4.753231751544011310e-05
5.491830610203400909e-01,-2.279286896884194652e-06,8.344889404933020357e-04,4.223845691946817027e-01,4.172444702466510179e-04,5.641779232133501682e-06,4.753419873559086632e-05
5.495165055018339517e-01,-1.998026744171372764e-06,8.522058323034351329e-04,2.780606083531724781e-01,4.261029161517175664e-04,2.445000415100155942e-06,4.753501400748653429e-05
5.498499499833277016e-01,-1.711133079294678152e-06,8.665090063184064176e-04,1.324547324603139176e-01,4.332545031592032088e-04,5.547980929100062789e-07,4.753519900184896021e-05
5.501833944648215624e-01,-1.419799337354137248e-06,8.773464029156634921e-04,-1.382813480904399039e-02,4.386732014578317461e-04,6.046822349145409037e-09,4.753520101812850533e-05
5.505168389463154233e-01,-1.125329956496002461e-06,8.847066262750835196e-04,-1.601353216103280630e-01,4.423533131375417598e-04,8.109130184943277290e-07,4.753547141259948592e-05
5.508502834278092841e-01,-8.291403779123710202e-07,8.886189443789933905e-04,-3.057664079294353243e-01,4.443094721894966953e-04,2.956511295503750804e-06,4.753645724497545074e-05
5.511837279093030340e-01,-5.325420537666208922e-07,8.891865230211154925e-04,-4.500826395348275222e-01,4.445932615105577463e-04,6.405964440195652669e-06,4.753859327846668252e-05
5.515171723907968948e-01,-2.361668700088211646e-07,8.864934346229464898e-04,-5.927889774920117594e-01,4.432467173114732449e-04,1.111220485987666813e-05,4.754229858185443804e-05
5.518506168722907557e-01,5.874790447309986351e-08,8.803607400285112967e-04,-7.332771678569567353e-01,4.401803700142556484e-04,1.700342166891471676e-05,4.754796827897645259e-05
5.521840613537846165e-01,3.509251219224176781e-07,8.706538157267349528e-04,-8.709264672977287125e-01,4.353269078633674764e-04,2.398628434795044918e-05,4.755596637312381074e-05
5.525175058352783664e-01,6.391298949805153530e-07,8.573058731330049625e-04,-1.005146085716770887e+00,4.286529365665024812e-04,3.194908108031065314e-05,4.756661961789883738e-05
5.528509503167722272e-01,9.221695966872660909e-07,8.403179585891521050e-04,-1.135375186251079693e+00,4.201589792945760525e-04,4.076418809744984526e-05,4.758021221146251567e-05
5.531843947982660881e-01,1.198893860480457241e-06,8.197589533634773223e-04,-1.261082885271937348e+00,4.098794766817386612e-04,5.029065168936225892e-05,4.759698135173905738e-05
5.535178392797598379e-01,1.468194580196086867e-06,7.957655736507432626e-04,-1.381768252385052520e+00,3.978827868253716313e-04,6.037684569411213713e-05,4.761711367774575972e-05
5.538512837612536988e-01,1.729005910068623998e-06,7.685423705721454403e-04,-1.496960310430673236e+00,3.842711852860727201e-04,7.086316926659056022e-05,4.764074261047885868e-05
5.541847282427475596e-01,1.980304264730470335e-06,7.383617301753602662e-04,-1.606218035483347517e+00,3.691808650876801331e-04,8.158475171261882490e-05,4.766794659571147922e-05
5.545181727242414205e-01,2.221187899771372419e-06,7.055526521997237217e-04,-1.709169215226188365e+00,3.527763260998618608e-04,9.237833360026198668e-05,4.769874964126008776e-05
5.548516172057351703e-01,2.451558069953267608e-06,6.702070884471663954e-04,-1.805829922208616711e+00,3.351035442235831977e-04,1.031225609635537724e-04,4.773313529013089657e-05
5.551850616872290312e-01,2.670140973130951229e-06,6.322408978859933712e-04,-1.895623258892500385e+00,3.161204489429966856e-04,1.136328914097596722e-04,4.777102555068766479e-05
5.555185061687228920e-01,2.875470279738117757e-06,5.916459028624906262e-04,-1.977884032020656990e+00,2.958229514312453131e-04,1.237091003550267289e-04,4.781227566751162014e-05
5.558519506502167529e-01,3.066311336021946850e-06,5.484828982651617814e-04,-2.052069319032472361e+00,2.742414491325808907e-04,1.331631482951492441e-04,4.785667818444897832e-05
5.561853951317105027e-01,3.241661164042971641e-06,5.028816515247555314e-04,-2.117758468063847488e+00,2.514408257623777657e-04,1.418250201602262359e-04,4.790396895475915304e-05
5.565188396132043636e-01,3.400748461675304890e-06,4.550409026142038997e-04,-2.174653097947283342e+00,2.275204513071019498e-04,1.495477818402546572e-04,4.795383483733343190e-05
5.568522840946982244e-01,3.543033602606290434e-06,4.052283640487134740e-04,-2.222577098211750535e+00,2.026141820243567370e-04,1.562117400289365259e-04,4.800592277999063585e-05
5.571857285761920853e-01,3.668208636336740778e-06,3.537807208857053957e-04,-2.261476629082777468e+00,1.768903604428526978e-04,1.617276246265891317e-04,4.805984996392748273e-05
5.575191730576858351e-01,3.776197288180843924e-06,3.011036307248477774e-04,-2.291420121482420580e+00,1.505518153624238887e-04,1.660387460364545081e-04,4.811521466750749351e-05
5.578526175391796960e-01,3.867154959266297621e-06,2.476717237079851760e-04,-2.312598277029299432e+00,1.238358618539925880e-04,1.691221127822823040e-04,4.817160750271331951e-05
5.581860620206735568e-01,3.941134711610466462e-06,1.936095895381634269e-04,-2.325128212696403018e+00,9.680479476908171346e-05,1.709597254400775440e-04,4.822861307971901057e-05
5.585195065021673066e-01,3.997364649039575105e-06,1.387889549061860654e-04,-2.328698481186196823e+00,6.939447745309303269e-05,1.714851508640185184e-04,4.828579385693275520e-05
5.588529509836611675e-01,4.035138930032462640e-06,8.342190746730830143e-05,-2.323053600940807151e+00,4.171095373365415072e-05,1.706547815461816227e-04,4.834269775207986839e-05
5.591863954651550284e-01,4.054003854086979553e-06,2.772902427951973820e-05,-2.308063736840469726e+00,1.386451213975986910e-05,1.684595341015798927e-04,4.839886965408106136e-05
5.595198399466488892e-01,4.053757797953913424e-06,-2.806089790122575549e-05,-2.283724649657658201e+00,-1.403044895061287775e-05,1.649253745534885502e-04,4.845386311008422278e-05
5.598532844281426391e-01,4.034451215636977920e-06,-8.371084262097361599e-05,-2.250157696057094814e+00,-4.185542131048680800e-05,1.601127478747510209e-04,4.850725182227986782e-05
5.601867289096364999e-01,3.996386638392778913e-06,-1.389755737278426900e-04,-2.207609828595700652e+00,-6.948778686392134501e-05,1.541149032135540335e-04,4.855864058627237958e-05
5.605201733911303608e-01,3.940118674730851745e-06,-1.936016353719137244e-04,-2.156453595722664485e+00,-9.680081768595686221e-05,1.470551485430788728e-04,4.860767531402932396e-05
5.608536178726242216e-01,3.866428390956460091e-06,-2.473460165275444831e-04,-2.097172959050840113e+00,-1.236730082637722415e-04,1.390812222333402833e-04,4.865405118006244507e-05
5.611870623541179715e-01,3.775630565134944762e-06,-3.001602612121771589e-04,-2.030003008289452016e+00,-1.500801306060885795e-04,1.303146863278540051e-04,4.869750389307606661e-05
5.615205068356118323e-01,3.667577009263017467e-06,-3.518539289096186658e-04,-1.954954955788376747e+00,-1.759269644548093329e-04,1.208574733111207909e-04,4.873780315059894218e-05
5.618539513171056932e-01,3.542324799594132430e-06,-4.021905288796957583e-04,-1.872142732430408518e+00,-2.010952644398478792e-04,1.108352519052793425e-04,4.877476055370174104e-05
5.621873957985995540e-01,3.400151658605263323e-06,-4.509491838180604588e-04,-1.781786148161412342e+00,-2.254745919090302294e-04,1.003947856245753650e-04,4.880823664093900593e-05
5.625208402800933039e-01,3.241555954996987118e-06,-4.979246298561557961e-04,-1.684210891990377990e+00,-2.489623149280778980e-04,8.970010332830761915e-05,4.883814664538325756e-05
5.628542847615871647e-01,3.067256703693264713e-06,-5.429272165612787984e-04,-1.579848531989286986e+00,-2.714636082806393992e-04,7.892796434250518077e-05,4.886446473952880731e-05
5.631877292430810256e-01,2.878193565841761101e-06,-5.857829069364857335e-04,-1.469236515293309786e+00,-2.928914534682428667e-04,6.826269448320006488e-05,4.888722655829613213e-05
5.635211737245747754e-01,2.675526848813708585e-06,-6.263332774206432831e-04,-1.353018168100714291e+00,-3.131666387103216416e-04,5.789049412925799452e-05,4.890652982409449145e-05
5.638546182060686363e-01,2.460403719939307260e-06,-6.645025809106737055e-04,-1.231820868259935198e+00,-3.322512904553368528e-04,4.798385260704354462e-05,4.892252977494712028e-05
5.641880626875624971e-01,2.233293382207529208e-06,-7.002261247654847009e-04,-1.105927284970940061e+00,-3.501130623827423505e-04,3.867703254046548939e-05,4.893542641800829651e-05
5.645215071690563580e-01,1.994743888680118860e-06,-7.332791022955603526e-04,-9.756657928344782960e-01,-3.666395511477801763e-04,3.010247174995521526e-05,4.894546392109263568e-05
5.648549516505501078e-01,1.745457065773847244e-06,-7.634666090145041627e-04,-8.414348089908205708e-01,-3.817333045072520813e-04,2.238932231345301189e-05,4.895292951706244961e-05
5.651883961320439687e-01,1.486282805189110749e-06,-7.906281545248289473e-04,-7.036996208757460014e-01,-3.953140772624144737e-04,1.565938256017346451e-05,4.895815105176074098e-05
5.655218406135378295e-01,1.218219063910427912e-06,-8.146376625178969886e-04,-5.629923862208121577e-01,-4.073188312589484943e-04,1.002316877278028742e-05,4.896149322207510784e-05
5.658552850950316904e-01,9.424118642061128861e-07,-8.354034707739603667e-04,-4.199121330531750962e-01,-4.177017353869801834e-04,5.575924015346543866e-06,4.896335248316725260e-05
5.661887295765254402e-01,6.601552936284492942e-07,-8.528683311621461068e-04,-2.751247596956858388e-01,-4.264341655810730534e-04,2.393642859102336807e-06,4.896415063016928146e-05
5.665221740580193011e-01,3.728915050133143579e-07,-8.670094096404774289e-04,-1.293630347666925307e-01,-4.335047048202387144e-04,5.292006762985333388e-07,4.896432708921439768e-05
5.668556185395131619e-01,8.187976648433977958e-08,-8.778922516283748376e-04,1.674232890043678146e-02,-4.389461258141874188e-04,8.864040642005974078e-09,4.896433004487983420e-05
5.671890630210070228e-01,-2.121692295574811225e-07,-8.855128633711024499e-04,1.628362132564074027e-01,-4.427564316855512249e-04,8.384979181832607287e-07,4.896460963738339560e-05
5.675225075025007726e-01,-5.081408885708357669e-07,-8.896823682406227113e-04,3.083553194566969746e-01,-4.448411841203113557e-04,3.006788563663914028e-06,4.896561223443696501e-05
5.678559519839946335e-01,-8.048897651074153690e-07,-8.902649515630758252e-04,4.527292572688893513e-01,-4.451324757815379126e-04,6.481523838622275275e-06,4.896777346279262072e-05
5.681893964654884943e-01,-1.101254322034825176e-06,-8.871826967939447318e-04,5.953882250396519416e-01,-4.435913483969723659e-04,1.120986758945740804e-05,4.897151133127860439e-05
5.685228409469822441e-01,-1.396056930536877331e-06,-8.804155855180642153e-04,7.357630096948835074e-01,-4.402077927590321077e-04,1.711890177304824370e-05,4.897721953460406664e-05
5.688562854284761050e-01,-1.688103870113886377e-06,-8.700014974496090864e-04,8.732849867398518873e-01,-4.350007487248045432e-04,2.411637275471301549e-05,4.898526100601276846e-05
5.691897299099699659e-01,-1.976185328582081421e-06,-8.560362104321075178e-04,1.007386120258913387e+00,-4.280181052160537589e-04,3.209164103686803230e-05,4.899596178661859652e-05
5.695231743914638267e-01,-2.259075402073995978e-06,-8.386734004384332379e-04,1.137498962915701073e+00,-4.193367002192166190e-04,4.091683367757782409e-05,4.900960527900858656e-05
5.698566188729575765e-01,-2.535532095038281413e-06,-8.181246415708147467e-04,1.263056655953035401e+00,-4.090623207854073734e-04,5.044819865888437531e-05,4.902642695245268905e-05
5.701900633544514374e-01,-2.804905588234841974e-06,-7.946076723946708838e-04,1.383792506910251463e+00,-3.973038361973354419e-04,6.055387628672044672e-05,4.904661830833356045e-05
5.705235078359452983e-01,-3.066467416504194409e-06,-7.680840834125079531e-04,1.499389017220907006e+00,-3.840420417062539765e-04,7.109329624277746582e-05,4.907032397563692254e-05
5.708569523174391591e-01,-3.318684330938102329e-06,-7.384688916259166992e-04,1.609128694767423706e+00,-3.692344458129583496e-04,8.188070228425301769e-05,4.909762664395444690e-05
5.711903967989329090e-01,-3.560192461979649394e-06,-7.057482616071272027e-04,1.712386339847395078e+00,-3.528741308035636013e-04,9.272642354687559753e-05,4.912854575817481235e-05
5.715238412804267698e-01,-3.789800719174597924e-06,-6.699796007907422597e-04,1.808630743812007058e+00,-3.349898003953711298e-04,1.034426928623275192e-04,4.916303815326061752e-05
5.718572857619206307e-01,-4.006490791170904821e-06,-6.312915594738034101e-04,1.897424689065831060e+00,-3.156457797369017050e-04,1.138489670285583834e-04,4.920100046304006641e-05
5.721907302434144915e-01,-4.209417145719047674e-06,-5.898840308157481116e-04,1.978424949066964755e+00,-2.949420154078740558e-04,1.237767742027500611e-04,4.924227314533508601e-05
5.725241747249082414e-01,-4.397907029671881616e-06,-5.460281508384353267e-04,2.051382288326971892e+00,-2.730140754192176633e-04,1.330739974502281441e-04,4.928664593541518370e-05
5.728576192064021022e-01,-4.571460468984887074e-06,-5.000662984260860000e-04,2.116141462410979557e+00,-2.500331492130430000e-04,1.416085230383102981e-04,4.933386451595480574e-05
5.731910636878959631e-01,-4.729750268715789881e-06,-4.524120953253709331e-04,2.172641217937528957e+00,-2.262060476626854665e-04,1.492712016195860451e-04,4.938363817438081067e-05
5.735245081693897129e-01,-4.872631404968769940e-06,-4.033984225684583767e-04,2.220908429063456868e+00,-2.016992112842291884e-04,1.559772663992597627e-04,4.943564793310013447e-05
5.738579526508835738e-01,-4.999555717183046934e-06,-3.528561286218381940e-04,2.260736581816328528e+00,-1.764280643109190970e-04,1.616217942130495776e-04,4.948953982846961147e-05
5.741913971323774346e-01,-5.109468710521778388e-06,-3.009081320624832495e-04,2.291687885341312736e+00,-1.504540660312416248e-04,1.660775532133537506e-04,4.954491747208860264e-05
5.745248416138712955e-01,-5.201537113431621241e-06,-2.477367373259996546e-04,2.313439369586732131e+00,-1.238683686629998273e-04,1.692451546607353600e-04,4.960135133492979891e-05
5.748582860953650453e-01,-5.275179595178925233e-06,-1.935477162289194570e-04,2.325795703160034034e+00,-9.677385811445972852e-05,1.710578966854432216e-04,4.965838964659550434e-05
5.751917305768589062e-01,-5.330066765849826932e-06,-1.385703079686277824e-04,2.328689193327801110e+00,-6.928515398431389118e-05,1.714837829525994804e-04,4.971556996768672994e-05
5.755251750583527670e-01,-5.366121176350098108e-06,-8.305721912347179643e-05,2.322179786015727831e+00,-4.152860956173589821e-05,1.705264223475215122e-04,4.977243106216739651e-05
5.758586195398466279e-01,-5.383517318405252465e-06,-2.728462365268838905e-05,2.306455065808640459e+00,-1.364231182634419452e-05,1.682247905552697331e-04,4.982852469022851200e-05
5.761920640213403777e-01,-5.382681624560522766e-06,2.844783710355966791e-05,2.281830255950500153e+00,1.422391855177983395e-05,1.646518704715475780e-04,4.988342694780488587e-05
5.765255085028342386e-01,-5.364170443186305600e-06,8.392488240670874212e-05,2.248679320976722185e+00,4.196244120335437106e-05,1.599024257825319955e-04,4.993674552925954726e-05
5.768589529843280994e-01,-5.327795277114057819e-06,1.391228388687709835e-04,2.206989411766874021e+00,6.956141943438549176e-05,1.540282918544142354e-04,4.998810541317232130e-05
5.771923974658219603e-01,-5.273134449898759015e-06,1.938189660558019029e-04,2.156643693145392060e+00,9.690948302790095145e-05,1.470810763320556090e-04,5.003714878640741145e-05
5.775258419473157101e-01,-5.200016204214135111e-06,2.477828301884356767e-04,2.097648283552613346e+00,1.238914150942178384e-04,1.391442749292589188e-04,5.008354567701403320e-05
5.778592864288095710e-01,-5.108521923225796426e-06,3.007868766741769273e-04,2.030133086339663606e+00,1.503934383370884636e-04,1.303313874099074814e-04,5.012700395891130648e-05
5.781927309103034318e-01,-4.998986130591383364e-06,3.526064301072928176e-04,1.954351789768572045e+00,1.763032150536464088e-04,1.207829080375012932e-04,5.016727835305518724e-05
5.785261753917971816e-01,-4.871996490460521520e-06,4.030196942688688065e-04,1.870681867012228050e+00,2.015098471344344032e-04,1.106623460566717948e-04,5.020417810165693972e-05
5.788596198732910425e-01,-4.728393807474670060e-06,4.518077521268573562e-04,1.779624576154283488e+00,2.259038760634286781e-04,1.001513457197075925e-04,5.023757301520135579e-05
5.791930643547849034e-01,-4.569272026767370752e-06,4.987545658359767223e-04,1.681804960189319686e+00,2.493772829179883611e-04,8.944400928939282892e-05,5.026739762650158803e-05
5.795265088362787642e-01,-4.395630366882506831e-06,5.437583289042878998e-04,1.577789782614289704e+00,2.718791644521439499e-04,7.872239144204355656e-05,5.029364717349793236e-05
5.798599533177725140e-01,-4.207667032989752299e-06,5.867570120813880071e-04,1.467738360942306697e+00,2.933785060406940036e-04,6.812355294781113988e-05,5.031636259628812944e-05
5.801933977992663749e-01,-4.005732661376596177e-06,6.275143440871059448e-04,1.351894151569661195e+00,3.137571720435529724e-04,5.779434930931841150e-05,5.033563380312685545e-05
5.805268422807602358e-01,-3.790361545236002339e-06,6.658196402321565725e-04,1.230586248046735331e+00,3.329098201160782863e-04,4.788771501491454255e-05,5.035160169742992399e-05
5.808602867622540966e-01,-3.562268275891342065e-06,7.014901958379838849e-04,1.104227531077037083e+00,3.507450979189919425e-04,3.855823464671868044e-05,5.036445872798901285e-05
5.811937312437478464e-01,-3.322347742796531264e-06,7.343712862367358582e-04,9.733146685172805457e-01,3.671856431183679291e-04,2.995756684757597629e-05,5.037444791333331814e-05
5.815271757252417073e-01,-3.071675133535710290e-06,7.643361667713072759e-04,8.384281153772101813e-01,3.821680833856536379e-04,2.222960094584326883e-05,5.038186025109451816e-05
5.818606202067355682e-01,-2.811505933823721249e-06,7.912860727952739179e-04,7.002321138198613903e-01,3.956430363976369590e-04,1.550543835542016744e-05,5.038703045394726993e-05
5.821940646882294290e-01,-2.543274087857400616e-06,8.151508598588610337e-04,5.594737309246181622e-01,4.075754299294305169e-04,9.898272360373484206e-06,5.039033097824215877e-05
5.825275091697231789e-01,-2.268045455247019756e-06,8.359758640350676466e-04,4.167034738449589826e-01,4.179879320175338233e-04,5.491035379392037487e-06,5.039216193368710293e-05
5.828609536512170397e-01,-1.986536330865700098e-06,8.536551372105364828e-04,2.723011499389362267e-01,4.268275686052682414e-04,2.344762991309211585e-06,5.039294378196696036e-05
5.831943981327109006e-01,-1.699702240781588302e-06,8.679969788195186038e-04,1.267665930592292156e-01,4.339984894097593019e-04,5.081707187909795237e-07,5.039311322868879838e-05
5.835278426142046504e-01,-1.408567979153752726e-06,8.788586142929271207e-04,-1.937401197665911123e-02,4.394293071464635604e-04,1.186968319700758282e-08,5.039311718656916108e-05
5.838612870956985113e-01,-1.114227608231885908e-06,8.861461950583428325e-04,-1.655681293865498560e-01,4.430730975291714163e-04,8.668690233577302658e-07,5.039340623926118055e-05
5.841947315771923721e-01,-8.178444583568835099e-07,8.898147985399925417e-04,-3.112368724232960071e-01,4.449073992699962708e-04,3.063247480636382657e-06,5.039442766222904747e-05
5.845281760586862330e-01,-5.206511279604601934e-07,8.898684281587646667e-04,-4.557750033749776719e-01,4.449342140793823334e-04,6.569026379878357279e-06,5.039661806782421219e-05
5.848616205401799828e-01,-2.239494835653433734e-07,8.863600133322070739e-04,-5.985509335648044882e-01,4.431800066661035369e-04,1.132927777291456640e-05,5.040039575297690355e-05
5.851950650216738437e-01,7.088934021512043770e-08,8.793914094745207887e-04,-7.389067233513084698e-01,4.396957047372603944e-04,1.726550304835330354e-05,5.040615283968858274e-05
5.855285095031677045e-01,3.626473211804182869e-07,8.691241856056211319e-04,-8.762696407603475235e-01,4.345620928028105659e-04,2.428150105191533096e-05,5.041424937221673287e-05
5.858619539846615654e-01,6.507872079591365394e-07,8.556346974907762639e-04,-1.010406454358970141e+00,4.278173487453881319e-04,3.228436313071589731e-05,5.042501441494121116e-05
5.861953984661553152e-01,9.339515500347879406e-07,8.387925986672539963e-04,-1.140666967833585677e+00,4.193962993336269982e-04,4.114506287336535458e-05,5.043873400909704754e-05
5.865288429476491761e-01,1.210773320293905300e-06,8.185184152898474993e-04,-1.266403595782567226e+00,4.092592076449237497e-04,5.071591554441873213e-05,5.045564495125924576e-05
5.868622874291430369e-01,1.479990472203545165e-06,7.948009889579085328e-04,-1.387029544190027330e+00,3.974004944789542664e-04,6.083750901094362449e-05,5.047593088290678248e-05
5.871957319106368978e-01,1.740445939811671211e-06,7.676974767153260876e-04,-1.502018810425993056e+00,3.838487383576630438e-04,7.134289740874267681e-05,5.049971977834150154e-05
5.875291763921306476e-01,1.991087637746972338e-06,7.373333510505418898e-04,-1.610906183246326284e+00,3.686666755252709449e-04,8.206169761459441373e-05,5.052708279855310820e-05
5.878626208736245085e-01,2.230968461219196616e-06,7.039023998965090925e-04,-1.713287242792867149e+00,3.519511999482545462e-04,9.282401774170863287e-05,5.055803445501916624e-05
5.881960653551183693e-01,2.459246286018649630e-06,6.676667266307532078e-04,-1.808818360593215990e+00,3.338333633153766039e-04,1.034641550560401349e-04,5.059253400655502555e-05
5.885295098366121191e-01,2.675183968516461079e-06,6.289567500753451106e-04,-1.897216699560852815e+00,3.144783750376725553e-04,1.138240088917720028e-04,5.063048799418148980e-05
5.888629543181059800e-01,2.878274976044567382e-06,5.881316406838703065e-04,-1.978320022571027792e+00,2.940658203419351533e-04,1.237636454572758578e-04,5.067175629876877261e-05
5.891963987995998409e-01,3.068418725376236978e-06,5.451932726844154354e-04,-2.052147362615213133e+00,2.725966363422077177e-04,1.331732773163359584e-04,5.071616219317235199e-05
5.895298432810937017e-01,3.244258735370773775e-06,5.001110973222294004e-04,-2.118092987339972755e+00,2.500555486611147002e-04,1.418698288112970522e-04,5.076346790467994879e-05
5.898632877625874515e-01,3.404473350054567842e-06,4.529406747692646439e-04,-2.175575941362590804e+00,2.264703373846323219e-04,1.496747340138279399e-04,5.081337611875592138e-05
5.901967322440813124e-01,3.548005087070644755e-06,4.037965516424797370e-04,-2.224152283875461045e+00,2.018982758212398685e-04,1.564332393761093051e-04,5.086553791914808962e-05
5.905301767255751733e-01,3.674060637678344582e-06,3.528522610039325127e-04,-2.263515088645972728e+00,1.764261305019662563e-04,1.620193135176870806e-04,5.091956236513598360e-05
5.908636212070690341e-01,3.782110866753541681e-06,3.003403223607189706e-04,-2.293494444016587863e+00,1.501701611803594853e-04,1.663394973499852730e-04,5.097502735258179385e-05
5.911970656885627839e-01,3.871890812788560845e-06,2.465522416650061288e-04,-2.314057452904817680e+00,1.232761208325030644e-04,1.693356014493428892e-04,5.103149137440551988e-05
5.915305101700566448e-01,3.943399687892292078e-06,1.918385113139599784e-04,-2.325308232803245279e+00,9.591925565697998922e-05,1.709861991452909212e-04,5.108850577892212421e-05
5.918639546515505057e-01,3.996900877790009327e-06,1.366086101498531448e-04,-2.327487915779485661e+00,6.830430507492657238e-05,1.713069053465434235e-04,5.114562712115171289e-05
5.921973991330443665e-01,4.032913096942396185e-06,8.130687670545806483e-05,-2.320968538598113806e+00,4.065343835272903242e-05,1.703485758070792796e-04,5.120242891368491904e-05
5.925308436145381163e-01,4.051541447267897234e-06,2.585536141885829027e-05,-2.305879825962088514e+00,1.292768070942914514e-05,1.681408890418508524e-04,5.125849456524938624e-05
5.928642880960319772e-01,4.052044286314800902e-06,-2.972050682580100684e-05,-2.281935517918801448e+00,-1.486025341290050342e-05,1.646670617678171666e-04,5.131340188827966903e-05
5.931977325775258381e-01,4.033853399644018289e-06,-8.521401473688994558e-05,-2.248946957865594509e+00,-4.260700736844497279e-05,1.599404910896914988e-04,5.136673316240094353e-05
5.935311770590195879e-01,3.996675387781640277e-06,-1.404087224512369514e-04,-2.206861580610267826e+00,-7.020436122561847568e-05,1.540104494086179561e-04,5.141808709684863519e-05
5.938646215405134487e-01,3.940491666218865536e-06,-1.950784635341834810e-04,-2.155762912371023798e+00,-9.753923176709174050e-05,1.469609640194259885e-04,5.146709041929592519e-05
5.941980660220073096e-01,3.865558465412080142e-06,-2.489873449794736916e-04,-2.095870570776551922e+00,-1.244936724897368458e-04,1.389085311760175103e-04,5.151340870244897920e-05
5.945315105035011705e-01,3.772406830782813111e-06,-3.018897472093286542e-04,-2.027540264865975050e+00,-1.509448736046643271e-04,1.299986897872180242e-04,5.155675604815995597e-05
5.948649549849949203e-01,3.661842622717784250e-06,-3.535303240744099517e-04,-1.951263795088888919e+00,-1.767651620372049758e-04,1.204015209031948880e-04,5.159690327086859584e-05
5.951983994664887812e-01,3.534946516568752972e-06,-4.036440028538890949e-04,-1.867669053305257565e+00,-2.018220014269445474e-04,1.103061801501777181e-04,5.163368425791433898e-05
5.955318439479826420e-01,3.392522678759761892e-06,-4.521484612834801445e-04,-1.777230542147024472e+00,-2.260742306417400723e-04,9.988207043691494410e-05,5.166698938310170100e-05
5.958652884294765029e-01,3.234528477377135041e-06,-4.989962098342856124e-04,-1.679993437904023335e+00,-2.494981049171428062e-04,8.925142744265848770e-05,5.169674977904789749e-05
5.961987329109702527e-01,3.061179988216588709e-06,-5.439511531647832484e-04,-1.576141546171396124e+00,-2.719755765823916242e-04,7.855800282367627241e-05,5.172294451156662535e-05
5.965321773924641136e-01,2.872890963091122102e-06,-5.867995136630716488e-04,-1.465951876732370929e+00,-2.933997568315358244e-04,6.795781825118840419e-05,5.174560467103684702e-05
5.968656218739579744e-01,2.670272580720192447e-06,-6.273499886559105298e-04,-1.349794507868975257e+00,-3.136749943279552649e-04,5.761496646617164690e-05,5.176481606365644357e-05
5.971990663554518353e-01,2.454133446729489682e-06,-6.654337504087806839e-04,-1.228132586361899481e+00,-3.327168752043903419e-04,4.769693909812008047e-05,5.178072034478285550e-05
5.975325108369455851e-01,2.225479593651068592e-06,-7.009044461258576338e-04,-1.101522327490575215e+00,-3.504522230629288169e-04,3.836954146194891105e-05,5.179351445664079107e-05
5.978659553184394460e-01,1.985514480923040914e-06,-7.336381979500582531e-04,-9.706130150330021245e-01,-3.668190989750291266e-04,2.979148974860392496e-05,5.180344826449294012e-05
5.981993997999333068e-01,1.735616986501572411e-06,-7.635413963668133538e-04,-8.361354597903793984e-01,-3.817706981834066769e-04,2.210819485982908731e-05,5.181082012006474178e-05
5.985328442814270566e-01,1.476675600067957016e-06,-7.906387100639920623e-04,-6.985624136734204237e-01,-3.953193550319960311e-04,1.543158122842544418e-05,5.181596569566608351e-05
5.988662887629209175e-01,1.209341239036042730e-06,-8.147691877024180801e-04,-5.582546921071160906e-01,-4.073845938512090400e-04,9.855184609026927672e-06,5.181925185258806681e-05
5.991997332444147784e-01,9.344491010093778469e-07,-8.357364151956851337e-04,-4.156625705545171634e-01,-4.178682075978425669e-04,5.463637008737218592e-06,5.182107367219751737e-05
5.995331777259086392e-01,6.529374530704538126e-07,-8.533865824147309495e-04,-2.712799662039532267e-01,-4.266932912073654748e-04,2.327209308359705058e-06,5.182184966729867461e-05
5.998666222074023890e-01,3.658476317808879785e-07,-8.676084831878240261e-04,-1.256444379691262769e-01,-4.338042415939120130e-04,4.992137468326247227e-07,5.182201612736764290e-05
6.002000666888962499e-01,7.432404318103819956e-08,-8.783335153005804394e-04,2.066281351108378850e-02,-4.391667576502902197e-04,1.350140335782826853e-08,5.182202062933608205e-05
6.005335111703901108e-01,-2.203858372094225599e-07,-8.855356804959369551e-04,1.670169458723277378e-01,-4.427678402479684775e-04,8.821066081539079309e-07,5.182231476291665836e-05
6.008669556518839716e-01,-5.169314643918879200e-07,-8.892315844741694592e-04,3.127494750249809607e-01,-4.446157922370847296e-04,3.093094428754022152e-06,5.182334613818466516e-05
6.012004001333777214e-01,-8.138592238886232679e-07,-8.894804368928892722e-04,4.571482751540473233e-01,-4.447402184464446361e-04,6.608671594802112264e-06,5.182554976325796112e-05
6.015338446148715823e-01,-1.110204291650629912e-06,-8.864418834517887947e-04,5.997566636282405383e-01,-4.432209417258943973e-04,1.137496748300480885e-05,5.182934268339233147e-05
6.018672890963654432e-01,-1.405151922793690614e-06,-8.800775835550419049e-04,7.401862746144799443e-01,-4.400387917775209524e-04,1.732535153470647621e-05,5.183511972625152396e-05
6.022007335778593040e-01,-1.697358559671944210e-06,-8.702165027534916608e-04,8.777814633608349570e-01,-4.351082513767458304e-04,2.436535877684006278e-05,5.184324422067527685e-05
6.025341780593530538e-01,-1.985537026117494205e-06,-8.567571623401736220e-04,1.011923591938394651e+00,-4.283785811700868110e-04,3.238138664480775766e-05,5.185404161535509833e-05
6.028676225408469147e-01,-2.268456848178852409e-06,-8.396677085269658265e-04,1.142031193568918468e+00,-4.198338542634829132e-04,4.124353985459337947e-05,5.186779404611688694e-05
6.032010670223407756e-01,-2.544944254120364013e-06,-8.189859124446157877e-04,1.267559972624568099e+00,-4.094929562223078938e-04,5.080857713533114224e-05,5.188473588577521497e-05
6.035345115038345254e-01,-2.813882174422501933e-06,-7.948191701427325794e-04,1.388002804628047926e+00,-3.974095850713662897e-04,6.092291672935340241e-05,5.190505029615512451e-05
6.038679559853283862e-01,-3.074210241782131084e-06,-7.673445025897566952e-04,1.502889736252717601e+00,-3.836722512948783476e-04,7.142565587404797192e-05,5.192886678694340384e-05
6.042014004668222471e-01,-3.324924791111965009e-06,-7.368085556730092711e-04,1.611787985322354011e+00,-3.684042778365046356e-04,8.215156253834985246e-05,5.195625977211790810e-05
6.045348449483161080e-01,-3.565078859540931799e-06,-7.035276001986604270e-04,1.714301940811309599e+00,-3.517638000993302135e-04,9.293400074530271983e-05,5.198724810180957966e-05
6.048682894298098578e-01,-3.794083027238569972e-06,-6.678159497358019270e-04,1.810218099816414572e+00,-3.339079748679009635e-04,1.036243467858059185e-04,5.202180106839370915e-05
6.052017339113037186e-01,-4.011663679066935213e-06,-6.296347168273359971e-04,1.899460626461928703e+00,-3.148173584136679986e-04,1.140934180740799738e-04,5.205984488902528278e-05
6.055351783927975795e-01,-4.216311197373534371e-06,-5.889385519695244540e-04,1.981340953758506496e+00,-2.944692759847622270e-04,1.241419127892659144e-04,5.210123932476694861e-05
6.058686228742914404e-01,-4.406660079677680796e-06,-5.457568504749876325e-04,2.055249426420974856e+00,-2.728784252374938163e-04,1.335761959808055550e-04,5.214577957017568896e-05
6.062020673557851902e-01,-4.581586593349870627e-06,-5.001857944087679305e-04,2.120703357231301212e+00,-2.500928972043839653e-04,1.422197293432052301e-04,5.219320195408472149e-05
6.065355118372790511e-01,-4.740208775612008532e-06,-4.523883525882692021e-04,2.177347027038676330e+00,-2.261941762941346011e-04,1.499185266325326639e-04,5.224319145946403374e-05
6.068689563187729119e-01,-4.881886433537059572e-06,-4.025942805833464754e-04,2.224951684759384651e+00,-2.012971402916732377e-04,1.565457095013609147e-04,5.229539076239879760e-05
6.072024008002667728e-01,-5.006221144049285530e-06,-3.511001207162471886e-04,2.263415547376894654e+00,-1.755500603581235943e-04,1.620050637752873564e-04,5.234941045688871585e-05
6.075358452817605226e-01,-5.113056253924152577e-06,-2.982692020616429574e-04,2.292763799941826885e+00,-1.491346010308214787e-04,1.662335318791640358e-04,5.240484011073305717e-05
6.078692897632543835e-01,-5.202476879788468497e-06,-2.445316404465594810e-04,2.313148595571989485e+00,-1.222658202232797405e-04,1.692026128063582266e-04,5.246125978822767795e-05
6.082027342447482443e-01,-5.274809873678425545e-06,-1.903417590378615753e-04,2.324846053415259295e+00,-9.517087951893078766e-05,1.709182353010935704e-04,5.251825153057549631e-05
6.085361787262419941e-01,-5.330070940319478855e-06,-1.355861927701221704e-04,2.327938766915772728e+00,-6.779309638506108519e-05,1.713732785318026574e-04,5.257539500457743156e-05
6.088696232077358550e-01,-5.367369462332363055e-06,-8.029783177198275882e-05,2.322067456047677059e+00,-4.014891588599137941e-05,1.705099251198778968e-04,5.263225059814858291e-05
6.092030676892297159e-01,-5.385962507133040312e-06,-2.466442905879338344e-05,2.306956295954080804e+00,-1.233221452939669172e-05,1.682979144582387378e-04,5.268836860897160764e-05
6.095365121707235767e-01,-5.385392800053146516e-06,3.110697895735361367e-05,2.282472185279430299e+00,1.555348947867680684e-05,1.647445239295294069e-04,5.274330176133223708e-05
6.098699566522173265e-01,-5.365488724339978579e-06,8.679007246758710771e-05,2.248624746169519906e+00,4.339503623379355386e-05,1.598946643039785497e-04,5.279661775476470148e-05
6.102034011337111874e-01,-5.326364321156465629e-06,1.421392482663312693e-04,2.205566324271443612e+00,7.106962413316563463e-05,1.538297181184662156e-04,5.284791142536106345e-05
6.105368456152050483e-01,-5.268419289581203745e-06,1.968896197511943794e-04,2.153591988733664309e+00,9.844480987559718968e-05,1.466651240767664183e-04,5.289681610161206651e-05
6.108702900966989091e-01,-5.192338986608441554e-06,2.507570169230429347e-04,2.093139532205968489e+00,1.253785084615214674e-04,1.385467556017878693e-04,5.294301375269636040e-05
6.112037345781926589e-01,-5.099094427148110725e-06,3.034379863859657336e-04,2.024789470839503114e+00,1.517189931929828668e-04,1.296461867616083470e-04,5.298624355821873608e-05
6.115371790596865198e-01,-4.989537328843074053e-06,3.547808472181221157e-04,1.949050443337470240e+00,1.773904236090610579e-04,1.201285288298092744e-04,5.302629975322701103e-05
6.118706235411803807e-01,-4.863495173190043132e-06,4.048165827135295097e-04,1.865903562721111353e+00,2.024082913567647548e-04,1.100977358575766003e-04,5.306301123567368363e-05
6.122040680226742415e-01,-4.721015498241420787e-06,4.533132421618993671e-04,1.775454876260295300e+00,2.266566210809496835e-04,9.968258187260558483e-05,5.309624984250015784e-05
6.125375125041679913e-01,-4.562364612755702989e-06,5.000507250636182337e-04,1.677915280763739858e+00,2.500253625318091168e-04,8.903075542299314111e-05,5.312593665657917895e-05
6.128709569856618522e-01,-4.388018668898103654e-06,5.448276110397782439e-04,1.573595578073616386e+00,2.724138055198891220e-04,7.830441565972389936e-05,5.315204683185751971e-05
6.132044014671557131e-01,-4.198663662240874816e-06,5.874611598320838256e-04,1.462906475065744338e+00,2.937305799160419128e-04,6.767575731080265565e-05,5.317461293966372184e-05
6.135378459486494629e-01,-3.995195431763166028e-06,6.277873113029014103e-04,1.346358583649505114e+00,3.138936556514507052e-04,5.732202009326983267e-05,5.319372665093190076e-05
6.138712904301433237e-01,-3.778719659850802857e-06,6.656606854352961882e-04,1.224562420767713267e+00,3.328303427176480941e-04,4.742003339063643704e-05,5.320953859937826389e-05
6.142047349116371846e-01,-3.550541947432699525e-06,7.009588204649289675e-04,1.098223147716093973e+00,3.504794102324644838e-04,3.814004372137345640e-05,5.322225618648109311e-05
6.145381793931310455e-01,-3.311569734571434566e-06,7.336852812279895516e-04,9.678337244521733052e-01,3.668426406139947758e-04,2.962112182575041519e-05,5.323213318608954547e-05
6.148716238746247953e-01,-3.062325596787171844e-06,7.636894055301195888e-04,8.336998504600855453e-01,3.818447027650597944e-04,2.197958292568654245e-05,5.323946215672164780e-05
6.152050683561186561e-01,-2.803516096439513829e-06,7.907649121989186215e-04,6.962180888685306490e-01,3.953824560994593108e-04,1.532818048753947115e-05,5.324457325391656541e-05
6.155385128376125170e-01,-2.535975654345181105e-06,8.147427472153224125e-04,5.558414578226070768e-01,4.073713736076612062e-04,9.770164401626584154e-06,5.324783106131957477e-05
6.158719573191063779e-01,-2.260666549777682874e-06,8.354910837136444697e-04,4.130794304836351571e-01,4.177455418568222349e-04,5.395940338761989864e-06,5.324963030784800701e-05
6.162054018006001277e-01,-1.978678920467494405e-06,8.529153219815604342e-04,2.684979350292492351e-01,4.264576609907802171e-04,2.279722050439187966e-06,5.325039046858506413e-05
6.165388462820939885e-01,-1.691230762601678838e-06,8.669580894601296552e-04,1.227193546532043822e-01,4.334790447300648276e-04,4.762402807379370539e-07,5.325054926827854499e-05
6.168722907635878494e-01,-1.399667930824451308e-06,8.775992407437606044e-04,-2.357747243433405693e-02,4.387996203718803022e-04,1.757901317122744125e-08,5.325055512990347148e-05
6.172057352450817103e-01,-1.105462239940016594e-06,8.848563377932331091e-04,-1.696582310238350377e-01,4.424281688966165546e-04,9.102273249656498522e-07,5.325085864018188448e-05
6.175391797265754601e-01,-8.095804446246106151e-07,8.888588121344682567e-04,-3.150531444915285473e-01,4.444294060672341284e-04,3.138828860736878850e-06,5.325190526534385636e-05
6.178726242080693210e-01,-5.128839056651796865e-07,8.895264045107056060e-04,-4.593378283928834516e-01,4.447632022553528030e-04,6.672128866174755106e-06,5.325413004989410068e-05
6.182060686895631818e-01,-2.165974082563484747e-07,8.866808750017559889e-04,-6.019053020990068337e-01,4.433404375008779944e-04,1.145661550401637150e-05,5.325795019511051631e-05
6.185395131710569316e-01,7.806886749462528966e-08,8.802075818456150209e-04,-7.421646591594728282e-01,4.401037909228075105e-04,1.741809039235245552e-05,5.326375816123000588e-05
6.188729576525507925e-01,3.699193465681453672e-07,8.700554814384511750e-04,-8.795410673024606218e-01,4.350277407192255875e-04,2.446314246265018642e-05,5.327191526108417222e-05
6.192064021340446534e-01,6.577730590316873691e-07,8.562371283346192257e-04,-1.013475768434473290e+00,4.281185641673096128e-04,3.248080161149274783e-05,5.328274580513602145e-05
6.195398466155385142e-01,9.404636400401908275e-07,8.388286752466522257e-04,-1.143426078640526811e+00,4.194143376233261129e-04,4.134435169255936847e-05,5.329653185104885093e-05
6.198732910970322640e-01,1.216839329835873907e-06,8.179698730452710474e-04,-1.268865388184059473e+00,4.089849365226355237e-04,5.091328296724445605e-05,5.331350860428901088e-05
6.202067355785261249e-01,1.485762973748594665e-06,7.938640707593552174e-04,-1.389283161507100406e+00,3.969320353796776087e-04,6.103536470432495485e-05,5.333386050982563269e-05
6.205401800600199858e-01,1.746112022195300690e-06,7.667782155759847668e-04,-1.504184937230017782e+00,3.833891077879923834e-04,7.154881919094982935e-05,5.335771806874225478e-05
6.208736245415138466e-01,1.997391481330798176e-06,7.369458795197191252e-04,-1.613391076227308929e+00,3.684729397598595626e-04,8.231506036415893012e-05,5.338516557136451874e-05
6.212070690230075964e-01,2.238909583589659020e-06,7.043090809884896457e-04,-1.716609297291912917e+00,3.521545404942448229e-04,9.318433724735391156e-05,5.341623737438131191e-05
6.215405135045014573e-01,2.469102318371038486e-06,6.688065146734986774e-04,-1.813116133652172834e+00,3.344032573367493387e-04,1.039564031810781287e-04,5.345090106333798930e-05
6.218739579859953182e-01,2.686610175295892743e-06,6.304486813881285704e-04,-1.902297441337474471e+00,3.152243406940642852e-04,1.144344660464261237e-04,5.348905860453385968e-05
6.222074024674891790e-01,2.890281857518308173e-06,5.893177832490345417e-04,-1.983650240243813201e+00,2.946588916245172708e-04,1.244314604369630675e-04,5.353054958834079023e-05
6.225408469489829288e-01,3.079174281725363733e-06,5.455677236761702614e-04,-2.056782714133736256e+00,2.727838618380851307e-04,1.337755753216840775e-04,5.357515631569046820e-05
6.228742914304767897e-01,3.252552578137374900e-06,4.994241073927280054e-04,-2.121414210636436870e+00,2.497120536963640027e-04,1.423150885760799376e-04,5.362261049660946527e-05
6.232077359119706506e-01,3.409890090507515466e-06,4.511842404252274516e-04,-2.177375241247606397e+00,2.255921202126137258e-04,1.499224119663683866e-04,5.367260129753189773e-05
6.235411803934644004e-01,3.550868376122032689e-06,4.012171301034735040e-04,-2.224607481329524461e+00,2.006085650517367520e-04,1.564972775263441529e-04,5.372478445109186220e-05
6.238746248749582612e-01,3.675377205800359949e-06,3.499634850605043597e-04,-2.263163770111088269e+00,1.749817425302521798e-04,1.619690236204847529e-04,5.377879212819105614e-05
6.242080693564521221e-01,3.783470759433435425e-06,2.978012240350744991e-04,-2.293176924002347405e+00,1.489006120175372495e-04,1.662934432043789606e-04,5.383424175913616128e-05
6.245415138379459830e-01,3.874649151298708949e-06,2.445379197003567451e-04,-2.314465612348589829e+00,1.222689598501783726e-04,1.693953424209721924e-04,5.389072570125719191e-05
6.248749583194397328e-01,3.948000435146646104e-06,1.903075142328662422e-04,-2.326665836587078484e+00,9.515375711643312112e-05,1.711859139799004387e-04,5.394780669958326968e-05
6.252084028009335936e-01,4.002845787650646026e-06,1.353173420778113411e-04,-2.329534716305066588e+00,6.765867103890567055e-05,1.716083335383514392e-04,5.400502855137998530e-05
6.255418472824274545e-01,4.038760519606261098e-06,7.978878154373388000e-05,-2.322956847540377900e+00,3.989439077186694000e-05,1.706405665607303843e-04,5.406192770661864767e-05
6.258752917639213154e-01,4.055574075931296477e-06,2.395725480243779014e-05,-2.306944302781422707e+00,1.197862740121889507e-05,1.682961646022028423e-04,5.411804513396182729e-05
6.262087362454150652e-01,4.053370035665791461e-06,-3.192777211097499014e-05,-2.281636630967205370e+00,-1.596388605548749507e-05,1.646239285482030347e-04,5.417293807445806695e-05
6.265421807269089260e-01,4.032486111972006783e-06,-8.760278929817862060e-05,-2.247300857487285697e+00,-4.380139464908931030e-05,1.597064422165312889e-04,5.422619130627417922e-05
6.268756252084027869e-01,3.993514152134430538e-06,-1.427902429975114423e-04,-2.204331484181828671e+00,-7.139512149875572116e-05,1.536575157001405189e-04,5.427742755692444433e-05
6.272090696898966478e-01,3.937076998039768789e-06,-1.973240189552261927e-04,-2.153129676559645933e+00,-9.866200947761309637e-05,1.466021615519681363e-04,5.432631123866901431e-05
6.275425141713903976e-01,3.863019750795173326e-06,-2.511386353191986508e-04,-2.093698889930692086e+00,-1.255693176595993254e-04,1.386208142603013538e-04,5.437253358420429395e-05
6.278759586528842584e-01,3.771151299292719807e-06,-3.039944056416661209e-04,-2.026034485998608137e+00,-1.519972028208330605e-04,1.298056710882585397e-04,5.441581656889527821e-05
6.282094031343781193e-01,3.661516365054783950e-06,-3.556599611255056577e-04,-1.950246139862379158e+00,-1.778299805627528288e-04,1.202759660846983061e-04,5.445592192604255320e-05
6.285428476158718691e-01,3.534394742849287936e-06,-4.059150546485459617e-04,-1.866557254364390017e+00,-2.029575273242729808e-04,1.101748915885779161e-04,5.449265913564194059e-05
6.288762920973657300e-01,3.390301300689548792e-06,-4.545505607636161688e-04,-1.775304960090327677e+00,-2.272752803818080844e-04,9.966574855269045652e-05,5.452589212949078925e-05
6.292097365788595908e-01,3.229985979834533340e-06,-5.013684756984449105e-04,-1.676940115369350615e+00,-2.506842378492224552e-04,8.892730027967360093e-05,5.455554444702319313e-05
6.295431810603534517e-01,3.054433794788693037e-06,-5.461819173557284565e-04,-1.572027306273978908e+00,-2.730909586778642283e-04,7.814841444186897764e-05,5.458160260455632688e-05
6.298766255418472015e-01,2.864855412737286619e-06,-5.888198199705970380e-04,-1.461239799356099045e+00,-2.944099099852985190e-04,6.752164043395733736e-05,5.460411732294044660e-05
6.302100700233410624e-01,2.662061638653048283e-06,-6.292607108332896665e-04,-1.345036681119168520e+00,-3.146303554166448332e-04,5.720951377368104998e-05,5.462319351959722663e-05
6.305435145048349233e-01,2.446388062153839066e-06,-6.673493291222315537e-04,-1.223644014163754790e+00,-3.336746645611157768e-04,4.734893119154696825e-05,5.463898175940767806e-05
6.308769589863287841e-01,2.218362865801715080e-06,-7.028654351840359429e-04,-1.097384106844526253e+00,-3.514327175920179715e-04,3.808178810872783830e-05,5.465167992149795801e-05
6.312104034678225339e-01,1.978675841285047480e-06,-7.356203976346966343e-04,-9.666532341670603934e-01,-3.678101988173483172e-04,2.954890669138406754e-05,5.466153284136837637e-05
6.315438479493163948e-01,1.728178389418198046e-06,-7.654571933596303768e-04,-8.319216377876678115e-01,-3.827285966798151884e-04,2.188592166136556891e-05,5.466883058116876265e-05
6.318772924308102557e-01,1.467883520142000517e-06,-7.922504075136114913e-04,-6.937335260136539006e-01,-3.961252037568057456e-04,1.521897369030243349e-05,5.467390526395979192e-05
6.322107369123041165e-01,1.198965852523443369e-06,-8.159062335208163222e-04,-5.527070738031466535e-01,-4.079531167604081611e-04,9.660287370710233100e-06,5.467712643347320004e-05
6.325441813937978663e-01,9.227616147558419796e-07,-8.363624730748057826e-04,-4.095344227651858127e-01,-4.181812365374028913e-04,5.303722868556823454e-06,5.467889493059509157e-05
6.328776258752917272e-01,6.407353225581856892e-07,-8.535972390217280758e-04,-2.649644577036455173e-01,-4.267986195108640379e-04,2.220113835369179767e-06,5.467963521530178880e-05
6.332110703567855881e-01,3.537637142239926073e-07,-8.676887733689709996e-04,-1.194404623055498049e-01,-4.338443866844854998e-04,4.511312910771994976e-07,5.467978564254122667e-05
6.335445148382793379e-01,6.271893730871304629e-08,-8.784905734793001806e-04,2.658797030068754674e-02,-4.392452867396500903e-04,2.235477844385752917e-08,5.467979309661872948e-05
6.338779593197731987e-01,-2.313367726098376714e-07,-8.858314019102417509e-04,1.725797526060069420e-01,-4.429157009551208755e-04,9.418455369907235498e-07,5.468010714981546037e-05
6.342114038012670596e-01,-5.273012250818139729e-07,-8.895933827451186311e-04,3.179822906267947280e-01,-4.447966913725593155e-04,3.197465498550797022e-06,5.468117332704071554e-05
6.345448482827609205e-01,-8.240322747857255938e-07,-8.897120015930664672e-04,4.622314839050758462e-01,-4.448560007965332336e-04,6.756457454836901223e-06,5.468342623049347742e-05
6.348782927642546703e-01,-1.120347821528245143e-06,-8.861761055890313545e-04,6.047517255084204901e-01,-4.430880527945156772e-04,1.156522888903874827e-05,5.468728259224374074e-05
6.352117372457485311e-01,-1.415025810244599643e-06,-8.790279033937632236e-04,7.449559020301315115e-01,-4.395139516968816118e-04,1.754935383947206671e-05,5.469313432743529656e-05
6.355451817272423920e-01,-1.706804230997980785e-06,-8.683629651938237553e-04,8.822453935889604804e-01,-4.341814825969118777e-04,2.461380745634762706e-05,5.470134166570017088e-05
6.358786262087362529e-01,-1.994381118979938162e-06,-8.543302227015823688e-04,1.016010073829296534e+00,-4.271651113507911844e-04,3.264344820586209249e-05,5.471222644336134312e-05
6.362120706902300027e-01,-2.276652247406844158e-06,-8.371320990135782411e-04,1.145746734629606189e+00,-4.185660495067891206e-04,4.151234398071505810e-05,5.472606850537559115e-05
6.365455151717238635e-01,-2.553171377882530196e-06,-8.168374404700412452e-04,1.271276664974113846e+00,-4.084187202350206226e-04,5.110697201780984401e-05,5.474310984316079273e-05
6.368789596532177244e-01,-2.822518928228026061e-06,-7.933303875673337717e-04,1.391929037292799265e+00,-3.966651937836668858e-04,6.126806855903020816e-05,5.476353934251358642e-05
6.372124041347115853e-01,-3.083289917792755857e-06,-7.665523445572623761e-04,1.507047709488416487e+00,-3.832761722786311880e-04,7.182142249182982654e-05,5.478748779949651766e-05
6.375458486162053351e-01,-3.334222173688696710e-06,-7.365150955193262589e-04,1.616055899604492918e+00,-3.682575477596631295e-04,8.258720300061909558e-05,5.481502604657908102e-05
6.378792930976991959e-01,-3.574196330790704877e-06,-7.033008043606771504e-04,1.718456185825473437e+00,-3.516504021803385752e-04,9.338495793075277259e-05,5.484616474545562966e-05
6.382127375791930568e-01,-3.802235831736016842e-06,-6.670620148161788329e-04,1.813830506476501458e+00,-3.335310074080894164e-04,1.040383375459074262e-04,5.488085575497410166e-05
6.385461820606868066e-01,-4.017506926924515286e-06,-6.280216504483817708e-04,1.901840160023537729e+00,-3.140108252241908854e-04,1.143794562962495881e-04,5.491899495347235164e-05
6.388796265421806675e-01,-4.219318674518930678e-06,-5.864730146474793088e-04,1.982225805073439373e+00,-2.932365073237396544e-04,1.242528191559822922e-04,5.496042637032996802e-05
6.392130710236745283e-01,-4.407122940444403787e-06,-5.427797906313867101e-04,2.054807460373782924e+00,-2.713898953156933551e-04,1.335187530301478452e-04,5.500494746170380317e-05
6.395465155051683892e-01,-4.580543993008052152e-06,-4.973352273779031892e-04,2.119496428434734181e+00,-2.486676136889515946e-04,1.420578960137357943e-04,5.505231588318220851e-05
6.398799599866621390e-01,-4.739257140534795900e-06,-4.500703072361309648e-04,2.176200622441672561e+00,-2.250351536180654824e-04,1.497606996617544797e-04,5.510225276202907575e-05
6.402134044681559999e-01,-4.882149074204120701e-06,-4.010134392780179092e-04,2.224443586973777975e+00,-2.005067196390089546e-04,1.564742190085009028e-04,5.515442822685351414e-05
6.405468489496498607e-01,-5.008186031119364316e-06,-3.503145640823772779e-04,2.263797884511815184e+00,-1.751572820411886390e-04,1.620598003290860318e-04,5.520846617294523429e-05
6.408802934311437216e-01,-5.116582430417063209e-06,-2.981551351056216576e-04,2.293962857302700886e+00,-1.490775675528108288e-04,1.664074491929394984e-04,5.526395381855808773e-05
6.412137379126374714e-01,-5.206800873266875466e-06,-2.447481186817961974e-04,2.314764627359478411e+00,-1.223740593408980987e-04,1.694391149634015526e-04,5.532045235639182512e-05
6.415471823941313323e-01,-5.278552142871689219e-06,-1.903379940225070508e-04,2.326156096461342138e+00,-9.516899701125352542e-05,1.711109132907751528e-04,5.537750834615200602e-05
6.418806268756251932e-01,-5.331795204467446459e-06,-1.352007532170284958e-04,2.328216946153596645e+00,-6.760037660851424789e-05,1.714142378018808572e-04,5.543466547779651052e-05
6.422140713571190540e-01,-5.366737205323267555e-06,-7.964390123223153914e-05,2.321153637747686016e+00,-3.982195061611576957e-05,1.703757477685383949e-04,5.549147633067031565e-05
6.425475158386128038e-01,-5.383829649810316927e-06,-2.398784250845304716e-05,2.305296140192544030e+00,-1.199392125422652358e-05,1.680557770408962431e-04,5.554751360210776514e-05
6.428809603201066647e-01,-5.383245527651007560e-06,3.172947206588718806e-05,2.280815063725795344e+00,1.586473603294359403e-05,1.645053949703300538e-04,5.560236701823659006e-05
6.432144048016005256e-01,-5.364395964129945035e-06,8.737088077826775574e-05,2.247506883040586878e+00,4.368544038913387787e-05,1.597357263386495869e-04,5.565563001468162033e-05
6.435478492830942754e-01,-5.326843502781204105e-06,1.427116995392097173e-04,2.205248088474502044e+00,7.135584976960485863e-05,1.537853298897701019e-04,5.570690888426807052e-05
6.438812937645881362e-01,-5.270416722121638022e-06,1.975235074991919890e-04,2.154046227821899695e+00,9.876175374959599452e-05,1.467270002896171324e-04,5.575583419280079111e-05
6.442147382460819971e-01,-5.195210235650951388e-06,2.515741470485408386e-04,2.094039906333995837e+00,1.257870735242704193e-04,1.386659743561482561e-04,5.580207159672081959e-05
6.445481827275758580e-01,-5.101584691851661184e-06,3.046277238175037322e-04,2.025498786718813449e+00,1.523138619087518661e-04,1.297370369046257259e-04,5.584533169572202774e-05
6.448816272090696078e-01,-4.990166774189142517e-06,3.564446066762139089e-04,1.948823589141218449e+00,1.782223033381069544e-04,1.201005664186691348e-04,5.588537856681861736e-05
6.452150716905634686e-01,-4.861849201111473608e-06,4.067814277347584677e-04,1.864546091222817337e+00,2.033907138673792339e-04,1.099375987783809781e-04,5.592203665243995785e-05
6.455485161720573295e-01,-4.717768115979532217e-06,4.554026961732194831e-04,1.773316992948914983e+00,2.277013480866097415e-04,9.944266428881331599e-05,5.595519526007211066e-05
6.458819606535511904e-01,-4.558477601496389278e-06,5.022951755831484314e-04,1.675477421360065167e+00,2.511475877915742157e-04,8.877223606411269836e-05,5.598479587229755419e-05
6.462154051350449402e-01,-4.384070685266291434e-06,5.472992863951524995e-04,1.571144335643652745e+00,2.736496431975762498e-04,7.806065085675294114e-05,5.601082476554755251e-05
6.465488496165388010e-01,-4.194883914675849438e-06,5.901820306002665377e-04,1.460557483584218774e+00,2.950910153001332688e-04,6.745859763434812755e-05,5.603331846265803578e-05
6.468822940980326619e-01,-3.991446013689552966e-06,6.307359540374758624e-04,1.344046718308605781e+00,3.153679770187379312e-04,5.712533101536521648e-05,5.605236658903862339e-05
6.472157385795265228e-01,-3.774477882849544453e-06,6.687791463937772969e-04,1.222031998285819654e+00,3.343895731968886485e-04,4.722425938887724658e-05,5.606811325772448036e-05
6.475491830610202726e-01,-3.544892599275751661e-06,7.041552412041520662e-04,1.095023387327107800e+00,3.520776206020760331e-04,3.791811939529329925e-05,5.608075684538546795e-05
6.478826275425141334e-01,-3.303795416665577233e-06,7.367334158516126346e-04,9.636210545857879506e-01,3.683667079258063173e-04,2.936382053154635406e-05,5.609054804929728267e-05
6.482160720240079943e-01,-3.052483765294362028e-06,7.664083915671313649e-04,8.285152745575016242e-01,3.832041957835656825e-04,2.170706161642182132e-05,5.609778614920272441e-05
6.485495165055017441e-01,-2.792343712175666686e-06,7.931281672171348190e-04,6.904327403979915179e-01,3.965640836085674095e-04,1.507449440692371281e-05,5.610281265617402235e-05
6.488829609869956050e-01,-2.524108182712399956e-06,8.169107797259487483e-04,5.497635385693375731e-01,4.084553898629743741e-04,9.557666366469109881e-06,5.610599960727987692e-05
6.492164054684894658e-01,-2.248554938909184169e-06,8.375651927095639857e-04,4.069285706614763631e-01,4.187825963547819929e-04,5.236442824308320711e-06,5.610774567024229856e-05
6.495498499499833267e-01,-1.966600448965403133e-06,8.549149573002031051e-04,2.624120607375929337e-01,4.274574786501015525e-04,2.177547230842582978e-06,5.610847176134960889e-05
6.498832944314770765e-01,-1.679250383147216938e-06,8.688290109713267106e-04,1.167347561006022438e-01,4.344145054856633553e-04,4.309236805328949550e-07,5.610861545047283078e-05
6.502167389129709374e-01,-1.387599613787171683e-06,8.792216775376504589e-04,-2.954607270704512345e-02,4.396108387688252295e-04,2.760574833152109698e-08,5.610862465545726849e-05
6.505501833944647982e-01,-1.092832215284777149e-06,8.860526671551180629e-04,-1.758366319030715275e-01,4.430263335775590314e-04,9.777294862010940878e-07,5.610895067395883817e-05
6.508836278759586591e-01,-7.962214641061260638e-07,8.893270763209200477e-04,-3.215066044655663369e-01,4.446635381604600239e-04,3.268735633716434993e-06,5.611004061581736674e-05
6.512170723574524089e-01,-4.991298387840865851e-07,8.890953878734897398e-04,-4.658891501328892293e-01,4.445476939367448699e-04,6.863809049581957733e-06,5.611232931506697692e-05
6.515505168389462698e-01,-2.029904359092017075e-07,8.854562281817655433e-04,-6.082903472314465931e-01,4.427281140908827716e-04,1.170096956366734347e-05,5.611623093879610429e-05
6.518839613204401306e-01,9.148168487224413190e-08,8.785772090058370119e-04,-7.483841252670528910e-01,4.392886045029185059e-04,1.771124673858999219e-05,5.612213665628145386e-05
6.522174058019339915e-01,3.832647975242867022e-07,8.683634142887547034e-04,-8.856806299230659540e-01,4.341817071443773517e-04,2.480586028549912241e-05,5.613040803350236453e-05
6.525508502834277413e-01,6.709975222854047049e-07,8.546791736439852656e-04,-1.019522626138511079e+00,4.273395868219926328e-04,3.286954837333989416e-05,5.614136820301665013e-05
6.528842947649216022e-01,9.533941769950418933e-07,8.374573066878130594e-04,-1.149299330022099053e+00,4.187286533439065297e-04,4.177017618114259990e-05,5.615529623775527369e-05
6.532177392464154631e-01,1.229244777093029978e-06,8.166991230393681311e-04,-1.274446408851960921e+00,4.083495615196840655e-04,5.136214537686031037e-05,5.617242266168886837e-05
6.535511837279092129e-01,1.497415035619888423e-06,7.924744223206176474e-04,-1.394445981075786767e+00,3.962372111603088237e-04,6.148984381197182731e-05,5.619292611077589017e-05
6.538846282094030737e-01,1.756846363217080569e-06,7.649214941563360799e-04,-1.508826616310939617e+00,3.824607470781680400e-04,7.199107740485702865e-05,5.621693113825333281e-05
6.542180726908969346e-01,2.006555868126476825e-06,7.342471181741542108e-04,-1.617163335344214969e+00,3.671235590870771054e-04,8.270043096223168519e-05,5.624450714057484740e-05
6.545515171723907955e-01,2.245636356190717409e-06,7.007265640045276913e-04,-1.719077610132002221e+00,3.503632820022638456e-04,9.345250946432710184e-05,5.627566836413747830e-05
6.548849616538845453e-01,2.473256330853046756e-06,6.647035912807567736e-04,-1.814237363800214942e+00,3.323517956403783868e-04,1.040850161156783486e-04,5.631037493836744371e-05
6.552184061353784061e-01,2.689165159278565791e-06,6.264130976134766899e-04,-1.902596379154791961e+00,3.132065488067383449e-04,1.144704346354007428e-04,5.634854447309081633e-05
6.555518506168722670e-01,2.892683218506851981e-06,5.857640683766610068e-04,-1.983876613308555248e+00,2.928820341883305034e-04,1.244598621559075339e-04,5.639004492729417846e-05
6.558852950983661279e-01,3.082303056834615213e-06,5.427492291705259030e-04,-2.057395995418324297e+00,2.713746145852629515e-04,1.338553642926463671e-04,5.643467825983590491e-05
6.562187395798598777e-01,3.256762958295537826e-06,4.974256574234268025e-04,-2.122601027658086004e+00,2.487128287117134013e-04,1.424743683758391286e-04,5.648218555172514747e-05
6.565521840613537385e-01,3.415050016552604377e-06,4.499143368368499051e-04,-2.179068284576196834e+00,2.249571684184249526e-04,1.501556504242267543e-04,5.653225412472422080e-05
6.568856285428475994e-01,3.556400134897749692e-06,4.004001573855028796e-04,-2.226504413095252488e+00,2.002000786927514398e-04,1.567642830348008021e-04,5.658452630979751426e-05
6.572190730243414603e-01,3.680298026252097314e-06,3.491319153172550704e-04,-2.264746132512178711e+00,1.745659576586275352e-04,1.621955943127323971e-04,5.663860953564370829e-05
6.575525175058352101e-01,3.786477213165867167e-06,2.964223131531701317e-04,-2.293760234498199324e+00,1.482111565765850659e-04,1.663780533770424356e-04,5.669408737938397096e-05
6.578859619873290709e-01,3.874920027818512359e-06,2.426479596874352835e-04,-2.313643583098871748e+00,1.213239798437176417e-04,1.692750354290382378e-04,5.675053120580245982e-05
6.582194064688229318e-01,3.945857612018504034e-06,1.882493699874668584e-04,-2.324623114734029272e+00,9.412468499373342922e-05,1.708854568219036162e-04,5.680751201834726962e-05
6.585528509503166816e-01,3.999705186982258343e-06,1.335662405471054295e-04,-2.327011967946443605e+00,6.678312027355271473e-05,1.712368514369371885e-04,5.686461000148730009e-05
6.588862954318105425e-01,4.036120008816852252e-06,7.839891183878922541e-05,-2.320708135930749094e+00,3.919945591939461271e-05,1.703103531992951293e-04,5.692139904890286864e-05
6.592197399133044033e-01,4.054246064850467130e-06,2.288730908902276789e-05,-2.305376587266320776e+00,1.144365454451138394e-05,1.680675064071608768e-04,5.697744023143276279e-05
6.595531843947982642e-01,4.053489367901740577e-06,-3.277047027869990658e-05,-2.280815753274575197e+00,-1.638523513934995329e-05,1.645054944387291745e-04,5.703229368072876873e-05
6.598866288762920140e-01,4.033538017466520924e-06,-8.835954051167766452e-05,-2.246964624026707380e+00,-4.417977025583883226e-05,1.596586563293322675e-04,5.708553097860450239e-05
6.602200733577858749e-01,3.994362199717835036e-06,-1.436482275280757709e-04,-2.203902748343645079e+00,-7.182411376403788545e-05,1.535977496643367113e-04,5.713674730059994467e-05
6.605535178392797357e-01,3.936214187505928976e-06,-1.983880689168151515e-04,-2.151850233796113177e+00,-9.919403445840757573e-05,1.464279840765732397e-04,5.718557290382654724e-05
6.608869623207735966e-01,3.859628340358245980e-06,-2.523138139376462268e-04,-2.091167746704593711e+00,-1.261569069688231134e-04,1.382858500990935308e-04,5.723168355741076944e-05
6.612204068022673464e-01,3.765421104479467115e-06,-3.051434235211135946e-04,-2.022356512139360518e+00,-1.525717117605567973e-04,1.293348118575617469e-04,5.727480953668971853e-05
6.615538512837612073e-01,3.654672902049833582e-06,-3.565883483284111133e-04,-1.946048532535598952e+00,-1.782941741642055566e-04,1.197587719347297614e-04,5.731474243830183711e-05
6.618872957652550681e-01,3.527821860338621767e-06,-4.066519417246042289e-04,-1.862532074257867043e+00,-2.033259708623021144e-04,1.097002256106315596e-04,5.735132137315032761e-05
6.622207402467489290e-01,3.384758549171192624e-06,-4.552153592767086690e-04,-1.771826909910287906e+00,-2.276076796383543345e-04,9.927561511202275988e-05,5.738442427915634145e-05
6.625541847282426788e-01,3.225660768381260409e-06,-5.020436527321446791e-04,-1.674100778932342992e+00,-2.510218263660723395e-04,8.862641801898727854e-05,5.741397626915933932e-05
6.628876292097365397e-01,3.050913762292357268e-06,-5.469217368919473271e-04,-1.569619904134517574e+00,-2.734608684459736636e-04,7.790924479806966201e-05,5.743995467689460243e-05
6.632210736912304005e-01,2.861110219718150878e-06,-5.896543896106729368e-04,-1.458748991698497477e+00,-2.948271948053364684e-04,6.729164385483082293e-05,5.746239270418863887e-05
6.635545181727241504e-01,2.657050273962307220e-06,-6.300662517964486899e-04,-1.341951231177079817e+00,-3.150331258982243449e-04,5.694734303507659016e-05,5.748138148145942556e-05
6.638879626542180112e-01,2.439741502818265277e-06,-6.680018274110104647e-04,-1.219788295494047325e+00,-3.340009137055052323e-04,4.705100708155555067e-05,5.749707038011949280e-05
6.642214071357118721e-01,2.210398928569644873e-06,-7.033254834696209788e-04,-1.092920340944401936e+00,-3.516627417348104894e-04,3.777261202251375389e-05,5.750966544915000832e-05
6.645548516172057329e-01,1.970341421938531371e-06,-7.359530835367023146e-04,-9.620519667151525844e-01,-3.679765417683511573e-04,2.926827072519657877e-05,5.751942479250618642e-05
6.648882960986994828e-01,1.720238951293843363e-06,-7.658797817867359515e-04,-8.275528054190012250e-01,-3.829398908933679757e-04,2.165665761685183657e-05,5.752664608547613259e-05
6.652217405801933436e-01,1.460737355866394774e-06,-7.929009332815309700e-04,-6.897886956119834156e-01,-3.964504666407654850e-04,1.504638414859328066e-05,5.753166321923691657e-05
6.655551850616872045e-01,1.192636324083053986e-06,-8.168242719854759823e-04,-5.491965972716634781e-01,-4.084121359927379911e-04,9.537963925619162762e-06,5.753484360067259571e-05
6.658886295431810654e-01,9.168551912111626053e-07,-8.374974842789441841e-04,-4.062656093534936508e-01,-4.187487421394720920e-04,5.219394470711251033e-06,5.753658397895559202e-05
6.662220740246748152e-01,6.344329393587131239e-07,-8.548082089582776343e-04,-2.615369697909084579e-01,-4.274041044791388171e-04,2.163048091221959419e-06,5.753730523540481751e-05
6.665555185061686760e-01,3.465281974739683941e-07,-8.686840372358094805e-04,-1.156040554951295318e-01,-4.343420186179047402e-04,4.226161989269908268e-07,5.753744615444414027e-05
6.668889629876625369e-01,5.441924134602786790e-08,-8.790925127398290483e-04,3.088761764454428516e-02,-4.395462563699145241e-04,3.016954949189263588e-08,5.753745621431392723e-05
6.672224074691563978e-01,-2.404960063955455203e-07,-8.860411315146062353e-04,1.772403947609282326e-01,-4.430205657573031176e-04,9.934028858597124727e-07,5.753778745902412292e-05
6.675558519506501476e-01,-5.367731915634271951e-07,-8.895915504718999566e-04,3.227419289785793399e-01,-4.447957752359499783e-04,3.293902810396102415e-06,5.753888579273882441e-05
6.678892964321440084e-01,-8.336999438329758656e-07,-8.898756942960046271e-04,4.670552683892740253e-01,-4.449378471480023136e-04,6.898212211971343305e-06,5.754118596353308249e-05
6.682227409136378693e-01,-1.130180364831827140e-06,-8.867428112652092414e-04,6.096399873908830980e-01,-4.433714056326046207e-04,1.175295006214497167e-05,5.754510491987257988e-05
6.685561853951316191e-01,-1.424950894057482063e-06,-8.800408787654399835e-04,7.498766669486793823e-01,-4.400204393827199917e-04,1.778196211916822803e-05,5.755103421701134346e-05
6.688896298766254800e-01,-1.716778983396686190e-06,-8.696841727803548191e-04,8.871702251876709688e-01,-4.348420863901774095e-04,2.488937067017809947e-05,5.755933344030917276e-05
6.692230743581193408e-01,-2.004463097124840694e-06,-8.556532678913567232e-04,1.020949917392320216e+00,-4.278266339456783616e-04,3.296164492297886322e-05,5.757032431890969935e-05
6.695565188396132017e-01,-2.286832711906394324e-06,-8.379950372775863071e-04,1.150669336006731491e+00,-4.189975186387931536e-04,4.186981862799714506e-05,5.758428557887234760e-05
6.698899633211069515e-01,-2.562748316794657487e-06,-8.168226527159304926e-04,1.275806410634563681e+00,-4.084113263579652463e-04,5.147182418287649672e-05,5.760144857459855399e-05
6.702234078026008124e-01,-2.831101413232164349e-06,-7.923155845809936714e-04,1.395863408039195175e+00,-3.961577922904968357e-04,6.161491378334721738e-05,5.762199372757732634e-05
6.705568522840946732e-01,-3.090814515050122692e-06,-7.647196018451399898e-04,1.510366932143472951e+00,-3.823598009225699949e-04,7.213813949503158028e-05,5.764604779209717389e-05
6.708902967655885341e-01,-3.340860152604187690e-06,-7.343450200541670574e-04,1.618877266055891440e+00,-3.671725100270835287e-04,8.287582192934479796e-05,5.767368227756878066e-05
6.712237412470822839e-01,-3.581043448300517712e-06,-7.013574251718125794e-04,1.721364063588448401e+00,-3.506787125859062897e-04,9.370126718271672281e-05,5.770492644801983729e-05
6.715571857285761448e-01,-3.810308618997582354e-06,-6.656725194406059448e-04,1.817355963716127398e+00,-3.328362597203029724e-04,1.044431594497844876e-04,5.773975244316815407e-05
6.718906302100700056e-01,-4.027147872484451140e-06,-6.272626958735076468e-04,1.906163147975349803e+00,-3.136313479367538234e-04,1.149000289400845150e-04,5.777806522374170581e-05
6.722240746915638665e-01,-4.230274985858358802e-06,-5.861696049841680052e-04,1.987213247066821564e+00,-2.930848024920840026e-04,1.248788662380643036e-04,5.781970539254399399e-05
6.725575191730576163e-01,-4.418625305524558323e-06,-5.425041547869518871e-04,2.060051340855475477e+00,-2.712520773934759435e-04,1.342011038567206662e-04,5.786445401003540464e-05
6.728909636545514772e-01,-4.591355747196572079e-06,-4.964465107968802672e-04,2.124339958370565995e+00,-2.482232553984401336e-04,1.427079068853671776e-04,5.791203917405186435e-05
6.732244081360453380e-01,-4.747844795895810675e-06,-4.482460960297175614e-04,2.179859077805522460e+00,-2.241230480148587807e-04,1.502646544591574099e-04,5.796214409384484591e-05
6.735578526175390879e-01,-4.887692505951788942e-06,-3.982215910019306975e-04,2.226506126518036144e+00,-1.991107955009653488e-04,1.567645243130987617e-04,5.801441635937105664e-05
6.738912970990329487e-01,-5.010720501002237738e-06,-3.467609337306365317e-04,2.264295981030092442e+00,-1.733804668653182658e-04,1.621311232181943656e-04,5.806847808768655960e-05
6.742247415805268096e-01,-5.116971973992827822e-06,-2.943213197337017032e-04,2.293360967027878949e+00,-1.471606598668508516e-04,1.663201366323727539e-04,5.812393661940792606e-05
6.745581860620206704e-01,-5.206537635080530259e-06,-2.411488557251963258e-04,2.313844513297695027e+00,-1.205744278625981629e-04,1.693044383532334629e-04,5.818039025006922072e-05
6.748916305435144203e-01,-5.278724761245041015e-06,-1.870551302486620523e-04,2.325470173538757290e+00,-9.352756512433102617e-05,1.710100158545354622e-04,5.823741259613608804e-05
6.752250750250082811e-01,-5.332734653751467320e-06,-1.322297653219849686e-04,2.327934600204814686e+00,-6.611488266099248431e-05,1.713726650601008611e-04,5.829455586557926838e-05
6.755585195065021420e-01,-5.368019963599609322e-06,-7.688534388913893292e-05,2.321060916602294633e+00,-3.844267194456946646e-05,1.703621363309327553e-04,5.835136217979431126e-05
6.758919639879960028e-01,-5.384284484980406222e-06,-2.124503688443688800e-05,2.304797754302568169e+00,-1.062251844221844400e-05,1.679831203675933009e-04,5.840737522426500098e-05
6.762254084694897527e-01,-5.381483155275916794e-06,3.445739676743308924e-05,2.279219253141953505e+00,1.722869838371654462e-05,1.642752775737080185e-04,5.846215190901781888e-05
6.765588529509836135e-01,-5.359822055059310071e-06,8.997761015148162192e-05,2.244525061221681828e+00,4.498880507574081096e-05,1.593121569907920791e-04,5.851527366860128081e-05
6.768922974324774744e-01,-5.319758408094867882e-06,1.450606683623072548e-04,2.201040334907945262e+00,7.253033418115362738e-05,1.531990254022704782e-04,5.856635703819190709e-05
6.772257419139713353e-01,-5.261996730667166744e-06,1.994453474424079051e-04,2.149213497131677642e+00,9.972267372120395253e-05,1.460693573633576833e-04,5.861506305932006803e-05
6.775591863954650851e-01,-5.186984934587140621e-06,2.530560075973674891e-04,2.089349985132195275e+00,1.265280037986837446e-04,1.380455427857484193e-04,5.866109358375679169e-05
6.778926308769589459e-01,-5.094516735630452898e-06,3.057452860069335846e-04,2.021431136151203400e+00,1.528726430034667923e-04,1.292164786688582980e-04,5.870418010548699442e-05
6.782260753584528068e-01,-4.984537279112212073e-06,3.572757891924110713e-04,1.945517509615965590e+00,1.786378945962055357e-04,1.196934231265691631e-04,5.874409121689965320e-05
6.785595198399465566e-01,-4.857219072749174803e-06,4.074228698583336411e-04,1.861779249584137430e+00,2.037114349291668206e-04,1.096115631414070867e-04,5.878064058773706696e-05
6.788929643214404175e-01,-4.712961986659595126e-06,4.559746268925116922e-04,1.770496084743674370e+00,2.279873134462558461e-04,9.912653862045028299e-05,5.881369378500964058e-05
6.792264088029342783e-01,-4.552393253363470107e-06,5.027319053659324742e-04,1.672057328412996702e+00,2.513659526829662371e-04,8.841019068992011468e-05,5.884317367520301565e-05
6.795598532844281392e-01,-4.376367467782386521e-06,5.475082965328273085e-04,1.566961878540881647e+00,2.737541482664136543e-04,7.764560208383566148e-05,5.886906417273014011e-05
6.798932977659218890e-01,-4.185966587239618264e-06,5.901301378306406890e-04,1.455818217706527751e+00,2.950650689153203445e-04,6.702152406482106070e-05,5.889141213007085656e-05
6.802267422474157499e-01,-3.982400412728528371e-06,6.304724579073420123e-04,1.339292041832852664e+00,3.152362289536710062e-04,5.672187473952883886e-05,5.891032572618274424e-05
6.805601867289096107e-01,-3.766221135060592236e-06,6.685108366811732183e-04,1.217708719510885773e+00,3.342554183405866092e-04,4.689071248392169414e-05,5.892596117549382011e-05
6.808936312104034716e-01,-3.537873605339642751e-06,7.040301424012991062e-04,1.091348401648211786e+00,3.520150712006495531e-04,3.766403402149981402e-05,5.893852003978908771e-05
6.812270756918972214e-01,-3.297980790379509303e-06,7.368217510955923227e-04,9.605751531840732715e-01,3.684108755477961614e-04,2.917848222301501940e-05,5.894824944366471069e-05
6.815605201733910823e-01,-3.047321863193240225e-06,7.667098001941681637e-04,8.258241505114394254e-01,3.833549000970840818e-04,2.156627598386244842e-05,5.895544059937790556e-05
6.818939646548849431e-01,-2.786832202993580521e-06,7.935511885293189795e-04,6.876016814772677455e-01,3.967755942646594897e-04,1.495112457472160630e-05,5.896042596935947415e-05
6.822274091363788040e-01,-2.517603395192658463e-06,8.172355763355589530e-04,5.464851453823307281e-01,4.086177881677794765e-04,9.444016187612234650e-06,5.896357502444037404e-05
6.825608536178725538e-01,-2.240883231402152033e-06,8.376853852496062101e-04,4.031230529813067953e-01,4.188426926248031050e-04,5.138960373148148164e-06,5.896528858241741836e-05
6.828942980993664147e-01,-1.958075709432923006e-06,8.548557983104093823e-04,2.582350264825896691e-01,4.274278991552046911e-04,2.108775258492419922e-06,5.896599174189007627e-05
6.832277425808602755e-01,-1.670571665947762067e-06,8.687690043496028476e-04,1.125249089665736335e-01,4.343845021748014238e-04,4.004030163898222381e-07,5.896612525406625809e-05
6.835611870623540254e-01,-1.379090971405808639e-06,8.794671898268602728e-04,-3.364579171480239217e-02,4.397335949134301364e-04,3.579822589189048494e-08,5.896613719078712981e-05
6.838946315438478862e-01,-1.084663111276627708e-06,8.867634937228431472e-04,-1.797518008764280029e-01,4.433817468614215736e-04,1.021754361588811398e-06,5.896647788914044150e-05
6.842280760253417471e-01,-7.884024988894535230e-07,8.905048852678892381e-04,-3.252325710901483591e-01,4.452524426339446190e-04,3.344937942365131485e-06,5.896759324023826467e-05
6.845615205068356079e-01,-4.914519337011515275e-07,8.905946412104099414e-04,-4.695219607737742828e-01,4.452973206052049707e-04,6.971268665798039512e-06,5.896991777130389120e-05
6.848949649883293578e-01,-1.949826012964138081e-07,8.869923458168886554e-04,-6.120482341909858626e-01,4.434961729084443277e-04,1.184598827910505761e-05,5.897386775072340143e-05
6.852284094698232186e-01,9.980592661263689141e-08,8.797138908718742751e-04,-7.522340614515231616e-01,4.398569454359371376e-04,1.789394050798576125e-05,5.897983438643797263e-05
6.855618539513170795e-01,3.916856921858527651e-07,8.688314756779883484e-04,-8.894965185108991701e-01,4.344157378389941742e-04,2.502006912324333422e-05,5.898817719041371386e-05
6.858952984328109403e-01,6.794003514554579917e-07,8.544736070559218232e-04,-1.023247087170592540e+00,4.272368035279609116e-04,3.311014129440334193e-05,5.899921758430981105e-05
6.862287429143046902e-01,9.616651743258558229e-07,8.368250993444418780e-04,-1.152891655077955990e+00,4.184125496722209390e-04,4.203170344876090925e-05,5.901323282387258663e-05
6.865621873957985510e-01,1.237634071865205453e-06,8.161049238195894080e-04,-1.278061725267833459e+00,4.080524619097947040e-04,5.165396429823990632e-05,5.903045655321511703e-05
6.868956318772924119e-01,1.506711462807240590e-06,7.923119915127540321e-04,-1.398504537674969184e+00,3.961559957563770161e-04,6.184829898185916245e-05,5.905107952720039811e-05
6.872290763587862727e-01,1.767379732102655068e-06,7.653471205989617956e-04,-1.513505888936204080e+00,3.826735602994808978e-04,7.243829675989294512e-05,5.907523367750379899e-05
6.875625208402800226e-01,2.018255238933863835e-06,7.351807551559120775e-04,-1.622426317118382144e+00,3.675903775779560388e-04,8.323959618201770127e-05,5.910298946149246705e-05
6.878959653217738834e-01,2.258113989153187874e-06,7.018544886273265539e-04,-1.724713981786091921e+00,3.509272443136632769e-04,9.406632303154707179e-05,5.913435535780175116e-05
6.882294098032677443e-01,2.485891635282348728e-06,6.654810638230099131e-04,-1.819904664001447570e+00,3.327405319115049566e-04,1.047363116709323840e-04,5.916927910294044130e-05
6.885628542847614941e-01,2.700683476512742100e-06,6.262443729188231847e-04,-1.907621766324210322e+00,3.131221864594115924e-04,1.150759419133402849e-04,5.920765054072415172e-05
6.888962987662553550e-01,2.901744458705628222e-06,5.843994574566413469e-04,-1.987576312811864199e+00,2.921997287283206735e-04,1.249245013810855193e-04,5.924930592631303804e-05
6.892297432477492158e-01,3.088489174391709180e-06,5.402725083444308470e-04,-2.059566949019440596e+00,2.701362541722154235e-04,1.341380003066329832e-04,5.929403350227390411e-05
6.895631877292430767e-01,3.260491862771413525e-06,4.942608658561982102e-04,-2.123479941999638410e+00,2.471304329280991051e-04,1.425923827269074101e-04,5.934158014539724383e-05
6.898966322107368265e-01,3.417520447492636955e-06,4.467241220821590122e-04,-2.179298602654701433e+00,2.233620610410795061e-04,1.501873937053285150e-04,5.939165930301822766e-05
6.902300766922306874e-01,3.559106133540073772e-06,3.975185985348679064e-04,-2.226856149784873118e+00,1.987592992674339532e-04,1.568138172778498927e-04,5.944394800501151430e-05
6.905635211737245482e-01,3.684145335540043468e-06,3.467390697044128028e-04,-2.265687195528025999e+00,1.733695348522064014e-04,1.623304155937502766e-04,5.949807618626984970e-05
6.908969656552184091e-01,3.791725076571615484e-06,2.945565459817721258e-04,-2.295427315002929181e+00,1.472782729908860629e-04,1.666199848555045338e-04,5.955363470072650296e-05
6.912304101367121589e-01,3.881183192731119256e-06,2.411687088810920293e-04,-2.315839610337254939e+00,1.205843544405460146e-04,1.695965274763837187e-04,5.961018572689402197e-05
6.915638546182060198e-01,3.952108333132256867e-06,1.867999110396145420e-04,-2.326814710667598707e+00,9.339995551980727101e-05,1.712078216904856613e-04,5.966727403022529261e-05
6.918972990996998806e-01,4.004339959905927716e-06,1.317011762177850115e-04,-2.328370772139440881e+00,6.585058810889250574e-05,1.714368893294636309e-04,5.972443871489667238e-05
6.922307435811937415e-01,4.037968348200349638e-06,7.615019929918049246e-05,-2.320653477907177020e+00,3.807509964959024623e-05,1.703023308913336441e-04,5.978122508731792065e-05
6.925641880626874913e-01,4.053334586181024181e-06,2.045134629054652870e-05,-2.303936038134114739e+00,1.022567314527326435e-05,1.678575330267008641e-04,5.983719625538283851e-05
6.928976325441813522e-01,4.050976567503335845e-06,-3.513394237002496139e-05,-2.278587105936768165e+00,-1.756697118501248070e-05,1.641841658858268836e-04,5.989194255944613551e-05
6.932310770256752130e-01,4.030817406750441808e-06,-9.060006423136521487e-05,-2.244649356917294281e+00,-4.530003211568260743e-05,1.593298020275975388e-04,5.994507020266974371e-05
6.935645215071689629e-01,3.992338879176966343e-06,-1.457490285721694005e-04,-2.201957454781580115e+00,-7.287451428608470025e-05,1.533267206020740123e-04,5.999619615152005460e-05
6.938979659886628237e-01,3.935261299120153048e-06,-2.003541007036977405e-04,-2.150465054401645038e+00,-1.001770503518488703e-04,1.462395288197568851e-04,6.004495891538125924e-05
6.942314104701566846e-01,3.859563316949605021e-06,-2.541885287726671720e-04,-2.090252573634424405e+00,-1.270942643863335860e-04,1.381648384839392635e-04,6.009102921831021671e-05
6.945648549516505454e-01,3.765481919067241650e-06,-3.070255437613244286e-04,-2.021527193321713600e+00,-1.535127718806622143e-04,1.292287595366173607e-04,6.013411983502799275e-05
6.948982994331442953e-01,3.653512427907350289e-06,-3.586383594874111296e-04,-1.944622857290209339e+00,-1.793191797437055648e-04,1.195833656458296102e-04,6.017399424838105522e-05
6.952317439146381561e-01,3.524408501936426165e-06,-4.088001726042320302e-04,-1.860000272351404194e+00,-2.044000863021160151e-04,1.094021899697159093e-04,6.021047380488979374e-05
6.955651883961320170e-01,3.379182135653401080e-06,-4.572841626005515886e-04,-1.768246908301739584e+00,-2.286420813002757943e-04,9.887484480259637004e-05,6.024344307624777565e-05
6.958986328776258778e-01,3.218933908479263921e-06,-5.039281043542541373e-04,-1.669987448091604598e+00,-2.519640521771270686e-04,8.819143593592643237e-05,6.027285002387562272e-05
6.962320773591196277e-01,3.043921846633542139e-06,-5.487208861768530814e-04,-1.565410997539548932e+00,-2.743604430884265407e-04,7.749198060891608327e-05,6.029868929716969422e-05
6.965655218406134885e-01,2.854385381743995153e-06,-5.914391237065652011e-04,-1.454708108185866378e+00,-2.957195618532826005e-04,6.691935077924258122e-05,6.032100318539217692e-05
6.968989663221073494e-01,2.650772247691605694e-06,-6.318642126717340579e-04,-1.338168863394826102e+00,-3.159321063358670289e-04,5.662677662732668081e-05,6.033988507156334754e-05
6.972324108036012102e-01,2.433716012414486411e-06,-6.698037827970285433e-04,-1.216170118716620063e+00,-3.349018913985142717e-04,4.677229252476339672e-05,6.035548103439253591e-05
6.975658552850949601e-01,2.204036077908015817e-06,-7.050916978034165328e-04,-1.089175501887440944e+00,-3.525458489017082664e-04,3.751420341275765318e-05,6.036798993849815879e-05
6.978992997665888209e-01,1.962737680224528277e-06,-7.375880554082106392e-04,-9.577354128293086299e-01,-3.687940277041053196e-04,2.900621702328586073e-05,6.037766190149358410e-05
6.982327442480826818e-01,1.711011889473772040e-06,-7.671791873249977391e-04,-8.224870236503283305e-01,-3.835895936624988695e-04,2.139233099591752814e-05,6.038479505621045953e-05
6.985661887295764316e-01,1.450235609822697057e-06,-7.937776592636789806e-04,-6.841542786445655722e-01,-3.968888296318394903e-04,1.480158061018408784e-05,6.038973056158230624e-05
6.988996332110702925e-01,1.181637758006368846e-06,-8.173887419959483544e-04,-5.433763371254198837e-01,-4.086943709979741772e-04,9.336872832732741141e-06,6.039284389030279170e-05
6.992330776925641533e-01,9.058655456993191203e-07,-8.379613057747687006e-04,-4.004994756984883719e-01,-4.189806528873843503e-04,5.072287992137394860e-06,6.039453521674230906e-05
6.995665221740580142e-01,6.238101345684468633e-07,-8.552920372133368055e-04,-2.559966983919073069e-01,-4.276460186066684027e-04,2.072376831832904198e-06,6.039522623936046406e-05
6.998999666555517640e-01,3.364476771145913973e-07,-8.692224827625064099e-04,-1.103754707560393733e-01,-4.346112413812532049e-04,3.852522091298149507e-07,6.039535469958358155e-05
7.002334111370456249e-01,4.483461417417492850e-08,-8.796410862436813754e-04,3.582476683081659008e-02,-4.398205431218406877e-04,4.058511163165980686e-08,6.039536823246508912e-05
7.005668556185394857e-01,-2.498923250802230591e-07,-8.864831888487869531e-04,1.820325991621347672e-01,-4.432415944243934766e-04,1.047848124631727151e-06,6.039571763163968714e-05
7.009003001000333466e-01,-5.465161231402459097e-07,-8.897310291402904915e-04,3.276446362033553772e-01,-4.448655145701452458e-04,3.394736932338606090e-06,6.039684958793590066e-05
7.012337445815270964e-01,-8.437394741615682602e-07,-8.894137430511961243e-04,4.720255130917891950e-01,-4.447068715255980621e-04,7.045810297306504726e-06,6.039919897449719314e-05
7.015671890630209573e-01,-1.140184783964289276e-06,-8.856073638850434689e-04,6.145078901368099533e-01,-4.428036819425217345e-04,1.194139122559803614e-05,6.040318076550272257e-05
7.019006335445148181e-01,-1.434521410447248580e-06,-8.784454564721144981e-04,7.544565782444210278e-01,-4.392227282360572490e-04,1.799983396859503683e-05,6.040918271080736410e-05
7.022340780260086790e-01,-1.726186948462713950e-06,-8.680390344366480061e-04,8.916235621368117092e-01,-4.340195172183240030e-04,2.513987264847599307e-05,6.041756546260745745e-05
7.025675225075024288e-01,-2.013921314645439449e-06,-8.542570536913307632e-04,1.025402948203089082e+00,-4.271285268456653816e-04,3.324980660071453744e-05,6.042865242712920637e-05
7.029009669889962897e-01,-2.296361862006936017e-06,-8.369997568621400730e-04,1.155144006798650480e+00,-4.184998784310700365e-04,4.219609470889381774e-05,6.044272248205047879e-05
7.032344114704901505e-01,-2.572236002274411212e-06,-8.162353056143975116e-04,1.280249468307026461e+00,-4.081176528071987558e-04,5.183095468641268455e-05,6.046000522786122169e-05
7.035678559519839004e-01,-2.840361205891063978e-06,-7.919997806527604703e-04,1.400175523140021472e+00,-3.959998903263802351e-04,6.199618459487343846e-05,6.048067751348805128e-05
7.039013004334777612e-01,-3.099645002016346380e-06,-7.643971817211926657e-04,1.514431821737827200e+00,-3.821985908605963328e-04,7.252695649027965624e-05,6.050486122688928509e-05
7.042347449149716221e-01,-3.349084978525421500e-06,-7.335994276030122782e-04,1.622581474568781656e+00,-3.667997138015061391e-04,8.325551784322496752e-05,6.053262231986801712e-05
7.045681893964654829e-01,-3.587768782009532747e-06,-6.998463561208612691e-04,1.724241052129532159e+00,-3.499231780604306345e-04,9.401474270575136294e-05,6.056397101700231500e-05
7.049016338779592328e-01,-3.814874117775830212e-06,-6.634457241367252211e-04,1.819080584944962942e+00,-3.317228620683626106e-04,1.046414809238324178e-04,6.059886314135171196e-05
7.052350783594530936e-01,-4.029745641564025270e-06,-6.247552264499608380e-04,1.906860600294410846e+00,-3.123776132249804190e-04,1.149841266235157724e-04,6.063720396383371963e-05
7.055685228409469545e-01,-4.232327167298322557e-06,-5.838376137576575722e-04,1.987623648422333522e+00,-2.919188068788287861e-04,1.249304517920589897e-04,6.067886133355431661e-05
7.059019673224408153e-01,-4.421338912543704560e-06,-5.406390529760395558e-04,2.060798348736637475e+00,-2.703195264880197779e-04,1.342984484774661089e-04,6.072364241007230303e-05
7.062354118039345652e-01,-4.595392296388657767e-06,-4.951942220631519540e-04,2.125767027593294056e+00,-2.475971110315759770e-04,1.428997052511263397e-04,6.077129152819539455e-05
7.065688562854284260e-01,-4.753355815626084834e-06,-4.475997051154997561e-04,2.182045897568789083e+00,-2.237998525577498780e-04,1.505662946385062011e-04,6.082149702824157480e-05
7.069023007669222869e-01,-4.894355044752959002e-06,-3.980139923681381433e-04,2.229285057459994945e+00,-1.990069961840690716e-04,1.571560881579827968e-04,6.087389985857101049e-05
7.072357452484161477e-01,-5.017772635970557874e-06,-3.466574801946131290e-04,2.267268492284257864e+00,-1.733287400973065645e-04,1.625570860160084662e-04,6.092810362183076462e-05
7.075691897299098976e-01,-5.123248319184374480e-06,-2.938124711069938682e-04,2.295914073279367251e+00,-1.469062355534969341e-04,1.666906577584203401e-04,6.098368570177688925e-05
7.079026342114037584e-01,-5.210678902004251104e-06,-2.398231737558018041e-04,2.315273557903591684e+00,-1.199115868779009021e-04,1.695136298576049166e-04,6.104020908619089134e-05
7.082360786928976193e-01,-5.280218269744165835e-06,-1.850957029301162162e-04,2.325532589835621167e+00,-9.254785146505810811e-05,1.710191958950122717e-04,6.109723449329159338e-05
7.085695231743913691e-01,-5.332277111976282812e-06,-1.300947729483209676e-04,2.327010330286539919e+00,-6.504738647416048378e-05,1.712366104174402120e-04,6.115433239606499552e-05
7.089029676558852300e-01,-5.367109449615197179e-06,-7.484920261194092500e-05,2.319918309769776865e+00,-3.742460130597046250e-05,1.701944466103108306e-04,6.121108279506810434e-05
7.092364121373790908e-01,-5.383988177215883528e-06,-1.930002920019305312e-05,2.303972233314797169e+00,-9.650014600096526560e-06,1.678628072021647966e-04,6.126705572177773183e-05
7.095698566188729517e-01,-5.382230231092827166e-06,3.635419994148478035e-05,2.278926461576840978e+00,1.817709997074239017e-05,1.642330742392370023e-04,6.132181833406157023e-05
7.099033011003667015e-01,-5.361431837183967304e-06,9.190196594355257479e-05,2.244674098783677962e+00,4.595098297177628739e-05,1.593333145035098785e-04,6.137494714850089074e-05
7.102367455818605624e-01,-5.321468511050662328e-06,1.471187784124421529e-04,2.201246992735555352e+00,7.355938920622107644e-05,1.532277947651605862e-04,6.142604011107679089e-05
7.105701900633544232e-01,-5.262495057877733844e-06,2.017671754304462060e-04,2.148815734805269884e+00,1.008835877152231030e-04,1.460152952508557639e-04,6.147472810549188820e-05
7.109036345448482841e-01,-5.184945572473442119e-06,2.555967235557921285e-04,2.087689659938122944e+00,1.277983617778960643e-04,1.378262311090192017e-04,6.152068550166028523e-05
7.112370790263420339e-01,-5.089533439269525885e-06,3.083440178226064016e-04,2.018316846651956098e+00,1.541720089113032008e-04,1.288186342644621310e-04,6.156363936436932971e-05
7.115705235078358948e-01,-4.977251332321068512e-06,3.597326817409844972e-04,1.941284117037054058e+00,1.798663408704922486e-04,1.191730906659117280e-04,6.160337697379445149e-05
7.119039679893297556e-01,-4.849082624393564062e-06,4.095906439235281462e-04,1.857164386659551747e+00,2.047953219617640731e-04,1.090688399225797227e-04,6.163974537656955919e-05
7.122374124708236165e-01,-4.705001878245665059e-06,4.579449637179173224e-04,1.766009229118954194e+00,2.289724818589586612e-04,9.862475508135041472e-05,6.167263125689011855e-05
7.125708569523173663e-01,-4.545113969649355857e-06,5.045691822344074281e-04,1.667949402082043564e+00,2.522845911172037141e-04,8.797631033315754057e-05,6.170196647207290173e-05
7.129043014338112272e-01,-4.369744591686067395e-06,5.492430328552365838e-04,1.563221697252229259e+00,2.746215164276182919e-04,7.727537988014704102e-05,6.172773352104928056e-05
7.132377459153050880e-01,-4.179421394286411122e-06,5.917674666131831924e-04,1.452158449189071998e+00,2.958837333065915962e-04,6.668497798637096461e-05,6.174996925895736416e-05
7.135711903967988379e-01,-3.974873984230035848e-06,6.319646521916160841e-04,1.335187535308195672e+00,3.159823260958080421e-04,5.637473827479940060e-05,6.176876710433076281e-05
7.139046348782926987e-01,-3.757033925145406245e-06,6.696779759245313247e-04,1.212832375881159885e+00,3.348389879622656624e-04,4.651591447878160372e-05,6.178427757931535791e-05
7.142380793597865596e-01,-3.527034737510208578e-06,7.047720417964714427e-04,1.085711934035695325e+00,3.523860208982357214e-04,3.727599314111983717e-05,6.179670705352047124e-05
7.145715238412804204e-01,-3.286211134852431857e-06,7.371330108745628110e-04,9.545403104544624151e-01,3.685665054372814055e-04,2.881300449227429286e-05,6.180631459086367841e-05
7.149049683227741703e-01,-3.035613204634462655e-06,7.667640404316700218e-04,8.198768574318094915e-01,3.833820202158350109e-04,2.125676912622744650e-05,6.181340254322320051e-05
7.152384128042680311e-01,-2.775812910380648765e-06,7.935511536665297832e-04,6.820441991408238147e-01,3.967755768332648916e-04,1.471041886805343005e-05,6.181830765121522321e-05
7.155718572857618920e-01,-2.507580563490953256e-06,8.172870276000331361e-04,5.414653741275948784e-01,4.086435138000165681e-04,9.271315895882631438e-06,6.182139912033688116e-05
7.159053017672557528e-01,-2.231798429596801712e-06,8.378050127928051783e-04,3.986116456111079565e-01,4.189025063964025891e-04,5.024582313506751685e-06,6.182307453958112587e-05
7.162387462487495027e-01,-1.949460728561257141e-06,8.549791333451889092e-04,2.540025014833359185e-01,4.274895666725944546e-04,2.040215240187250376e-06,6.182375483809402904e-05
7.165721907302433635e-01,-1.661673634478643472e-06,8.687240868972671316e-04,1.082056543090472722e-01,4.343620434486335658e-04,3.702541295448929261e-07,6.182387829729027798e-05
7.169056352117372244e-01,-1.369655275675107980e-06,8.789952446288284071e-04,-3.816295867390573360e-02,4.394976223144142036e-04,4.605577280866249277e-08,6.182389365433356529e-05
7.172390796932310852e-01,-1.074735734708247748e-06,8.857886512593909087e-04,-1.844391755547793998e-01,4.428943256296954544e-04,1.075737589643390569e-06,6.182425235309636921e-05
7.175725241747248351e-01,-7.783570483673040601e-07,8.891410250481953737e-04,-3.299106097498414325e-01,4.445705125240976868e-04,3.441854957787508138e-06,6.182540002063814004e-05
7.179059686562186959e-01,-4.816725770406407752e-07,8.891818362486905844e-04,-4.740199596206625676e-01,4.445909181243452922e-04,7.105477325694746377e-06,6.182776930284078032e-05
7.182394131377125568e-01,-1.853816248667138615e-07,8.859263319381434094e-04,-6.164352514620242696e-01,4.429631659690717047e-04,1.201641538411955844e-05,6.183177611023795079e-05
7.185728576192063066e-01,1.092232895866190609e-07,8.791908833182005565e-04,-7.565211280222710055e-01,4.395954416591002782e-04,1.809848086248110185e-05,6.183781094880495886e-05
7.189063021007001675e-01,4.008741817365697808e-07,8.688553449812850497e-04,-8.936630763172709324e-01,4.344276724906425248e-04,2.525501489108088947e-05,6.184623209415044808e-05
7.192397465821940283e-01,6.883445795179808391e-07,8.548674304596091868e-04,-1.027276172358767337e+00,4.274337152298045934e-04,3.337140022802075816e-05,6.185735960339620149e-05
7.195731910636878892e-01,9.704495233837209877e-07,8.372427122251670586e-04,-1.156805081154566039e+00,4.186213561125835293e-04,4.231753626953074353e-05,6.187147015233568738e-05
7.199066355451816390e-01,1.246045566304495560e-06,8.160646216897437643e-04,-1.281724056708449577e+00,4.080323108448718821e-04,5.195042099679795183e-05,6.188879273352835804e-05
7.202400800266754999e-01,1.514030773769209212e-06,7.914844492048858128e-04,-1.401536942020339183e+00,3.957422246024429064e-04,6.211680348597636077e-05,6.190950523885878603e-05
7.205735245081693607e-01,1.773344723784419163e-06,7.637213440619440574e-04,-1.515777169086045761e+00,3.818606720309720287e-04,7.265587254599804781e-05,6.193373193860737098e-05
7.209069689896632216e-01,2.022968506874699845e-06,7.330623144920458316e-04,-1.624007758897440867e+00,3.665311572460229158e-04,8.340194898694180048e-05,6.196154185824289816e-05
7.212404134711569714e-01,2.262140537650211602e-06,6.998247100099539743e-04,-1.725926236028297645e+00,3.499123550049769871e-04,9.419860278974351655e-05,6.199295186250756854e-05
7.215738579526508323e-01,2.490680051520916249e-06,6.640217332239435740e-04,-1.821503337844537551e+00,3.320108666119717870e-04,1.049204012528782054e-04,6.202793699130145009e-05
7.219073024341446931e-01,2.707125566974967617e-06,6.255844675488557438e-04,-1.910070179282999492e+00,3.127922337744278719e-04,1.153715290640205162e-04,6.206640699098935673e-05
7.222407469156385540e-01,2.910061661468604927e-06,5.845201355463720263e-04,-1.990988287133070633e+00,2.922600677731860132e-04,1.253537729919013133e-04,6.210820551482794307e-05
7.225741913971323038e-01,3.098304063487571717e-06,5.409048497983159551e-04,-2.063741207800011690e+00,2.704524248991579775e-04,1.346822837987311338e-04,6.215311457911561752e-05
7.229076358786261647e-01,3.270899652547355551e-06,4.948836129065932064e-04,-2.127934507305050627e+00,2.474418064532966032e-04,1.431912612992523957e-04,6.220086091499399199e-05
7.232410803601200255e-01,3.427126459192816175e-06,4.466703174932790945e-04,-2.183295771285238107e+00,2.233351587466395473e-04,1.507388324862716285e-04,6.225112394683335803e-05
7.235745248416137754e-01,3.566493664998396424e-06,3.965477462005781851e-04,-2.229674604993531872e+00,1.982738731002890926e-04,1.572110161853514088e-04,6.230354509261040198e-05
7.239079693231076362e-01,3.688741602568235305e-06,3.448675716907712778e-04,-2.267042633298831156e+00,1.724337858453856389e-04,1.625247006589813730e-04,6.235773805715156767e-05
7.242414138046014971e-01,3.793841755535892709e-06,2.920503566463150983e-04,-2.295493500685883870e+00,1.460251783231575492e-04,1.666295935383031756e-04,6.241329977557048326e-05
7.245748582860953579e-01,3.881991133847184754e-06,2.385705295901200090e-04,-2.315239021287589516e+00,1.192852647950600045e-04,1.695085726724989035e-04,6.246982147369401449e-05
7.249083027675891078e-01,3.953055564314178560e-06,1.843775267271915942e-04,-2.326290985832423441e+00,9.218876336359579709e-05,1.711307586594732930e-04,6.252688408078286935e-05
7.252417472490829686e-01,4.006207833125311542e-06,1.294643818915785605e-04,-2.328318666834997774e+00,6.473219094578928023e-05,1.714292164352085833e-04,6.258404620696999513e-05
7.255751917305768295e-01,4.040796059932235697e-06,7.404458207981533518e-05,-2.321093443403104750e+00,3.702229103990766759e-05,1.703669111940669782e-04,6.264085411333681600e-05
7.259086362120706903e-01,4.056420092466204676e-06,1.833987107201305155e-05,-2.304512136683194878e+00,9.169935536006525775e-06,1.679414889784651508e-04,6.269685327605053538e-05
7.262420806935644402e-01,4.052931506538046683e-06,-3.741975056810404937e-05,-2.278597009860383604e+00,-1.870987528405202468e-05,1.641855931483330634e-04,6.275160005602664604e-05
7.265755251750583010e-01,4.030433606038157694e-06,-9.299602549327272384e-05,-2.243495768158411341e+00,-4.649801274663636192e-05,1.591660759313809749e-04,6.280467310568699582e-05
7.269089696565521619e-01,3.989281422936505694e-06,-1.481424395725797574e-04,-2.199481558839696760e+00,-7.407121978628987869e-05,1.529821112361876804e-04,6.285568414644597741e-05
7.272424141380460227e-01,3.930081717282635762e-06,-2.026042218915356363e-04,-2.146952971205305705e+00,-1.013021109457678181e-04,1.457622497425433686e-04,6.290428776423275046e-05
7.275758586195397726e-01,3.853607131061096034e-06,-2.561682128982492460e-04,-2.086387433704631533e+00,-1.280841064491246230e-04,1.376543425756237052e-04,6.295018784511825663e-05
7.279093031010336334e-01,3.759977948775256273e-06,-3.087923922005956839e-04,-2.017921936329943211e+00,-1.543961961002978420e-04,1.287682290651469210e-04,6.299312490049176205e-05
7.282427475825274943e-01,3.649071470948633686e-06,-3.602551923540716619e-04,-1.941582146411557019e+00,-1.801275961770358309e-04,1.192096848024213289e-04,6.303287471202975267e-05
7.285761920640212441e-01,3.520988545057085462e-06,-4.103242010410182482e-04,-1.857503014220779791e+00,-2.051621005205091241e-04,1.091086178579134182e-04,6.306925637853788135e-05
7.289096365455151050e-01,3.376051003482819782e-06,-4.587823263129933628e-04,-1.765925570609224726e+00,-2.293911631564966814e-04,9.861541129710500676e-05,6.310213914322514682e-05
7.292430810270089658e-01,3.214801663514653736e-06,-5.054277965906713802e-04,-1.667196927008977925e+00,-2.527138982953356901e-04,8.789694935517392796e-05,6.313144789592777363e-05
7.295765255085028267e-01,3.038004327347845613e-06,-5.500741606639110003e-04,-1.561770275432489363e+00,-2.750370803319555002e-04,7.713194903620827997e-05,6.315716711868076992e-05
7.299099699899965765e-01,2.846643782084204167e-06,-5.925502876917235900e-04,-1.450204888472639064e+00,-2.962751438458617950e-04,6.650567864549749252e-05,6.317934307021310649e-05
7.302434144714904374e-01,2.641925616181964937e-06,-6.327004769204647465e-04,-1.333166019732674901e+00,-3.163502384602323732e-04,5.620416127770471842e-05,6.319808403762814796e-05
7.305768589529842982e-01,2.424851778253301870e-06,-6.704876175459709500e-04,-1.211204985355361474e+00,-3.352438087729854750e-04,4.639116719660753502e-05,6.321355291631991307e-05
7.309103034344781591e-01,2.195847087860924321e-06,-7.057914871819338928e-04,-1.084585251092343050e+00,-3.528957435909669464e-04,3.719866796340730178e-05,6.322595660687123636e-05
7.312437479159719089e-01,1.955492819279688219e-06,-7.383899739433946773e-04,-9.536508168785687856e-01,-3.691949869716973386e-04,2.875933040252818268e-05,6.323554624688541186e-05
7.315771923974657698e-01,1.704519114348779827e-06,-7.680951337004291975e-04,-8.188129748727527302e-01,-3.840475668502145988e-04,2.120163881448247165e-05,6.324261581634673009e-05
7.319106368789596306e-01,1.443804982472196428e-06,-7.947531900780827616e-04,-6.805503094576358381e-01,-3.973765950390413808e-04,1.464604862301126885e-05,6.324749946043575083e-05
7.322440813604534915e-01,1.174378300618430387e-06,-8.182445344564143273e-04,-5.394086972398134394e-01,-4.091222672282071636e-04,9.201018187709048408e-06,6.325056748917456820e-05
7.325775258419472413e-01,8.974158133206387672e-07,-8.384837259704791546e-04,-3.960013070498256127e-01,-4.192418629852395773e-04,4.958990070999026293e-06,6.325222103704753525e-05
7.329109703234411022e-01,6.142431326762742341e-07,-8.554194915103546099e-04,-2.510085999419653380e-01,-4.277097457551773049e-04,1.992403071951335310e-06,6.325288539285677891e-05
7.332444148049349630e-01,3.263343042429568227e-07,-8.690348501254440815e-04,-1.051781043722497672e-01,-4.345174250627220408e-04,3.498248676477964165e-07,6.325300204002838286e-05
7.335778592864287129e-01,3.475148508024086415e-08,-8.794231913291155819e-04,4.096067714883436239e-02,-4.397115956645577910e-04,5.305596955081124065e-08,6.325301973124865707e-05
7.339113037679225737e-01,-2.597028420690326182e-07,-8.865071223592395225e-04,1.870031042069770777e-01,-4.432535611796197613e-04,1.105853588491767700e-06,6.325338847202506836e-05
7.342447482494164346e-01,-5.558988038551572046e-07,-8.901049569328378349e-04,3.323795088605541181e-01,-4.450524784664189174e-04,3.493562228956857213e-06,6.325455338107107046e-05
7.345781927309102954e-01,-8.526891818105721373e-07,-8.900928124851385098e-04,4.765201848502805815e-01,-4.450464062425692549e-04,7.180630892407306120e-06,6.325694772281578509e-05
7.349116372124040453e-01,-1.148909412349669991e-06,-8.864046101695736458e-04,6.188553875991152919e-01,-4.432023050847868229e-04,1.211095393628587568e-05,6.326098605357146406e-05
7.352450816938979061e-01,-1.443377586769186625e-06,-8.790320748577735944e-04,7.588153342124495104e-01,-4.395160374288867972e-04,1.820841726482968906e-05,6.326705754982516459e-05
7.355785261753917670e-01,-1.734894451247614404e-06,-8.680247351395734652e-04,8.958302034778236056e-01,-4.340123675697867326e-04,2.537764989998974845e-05,6.327551958713759040e-05
7.359119706568856278e-01,-2.022243406845590876e-06,-8.534899233230104154e-04,1.029330135865115015e+00,-4.267449616615052077e-04,3.350498098081876943e-05,6.328669163814820578e-05
7.362454151383793777e-01,-2.304190509505713486e-06,-8.355927754343301555e-04,1.158745233526450757e+00,-4.177963877171650777e-04,4.245960223963305568e-05,6.330084955820143718e-05
7.365788596198732385e-01,-2.579504823205538324e-06,-8.145563569403470967e-04,1.283515701980746604e+00,-4.072781784701735483e-04,5.209575926812860271e-05,6.331822060163861982e-05
7.369123041013670994e-01,-2.847781135381295629e-06,-7.905581132846848172e-04,1.403494921002782503e+00,-3.952790566423424086e-04,6.229048189195765441e-05,6.333899101907508025e-05
7.372457485828609602e-01,-3.107942082342260078e-06,-7.635176941277133306e-04,1.518189657035897033e+00,-3.817588470638566653e-04,7.288733256294917945e-05,6.336329489788900926e-05
7.375791930643547101e-01,-3.358490341320688069e-06,-7.333656980333925178e-04,1.626901830142752914e+00,-3.666828490166962589e-04,8.369946757872318954e-05,6.339120402345709492e-05
7.379126375458485709e-01,-3.598100384395817254e-06,-7.001040820063511496e-04,1.729026883564847461e+00,-3.500520410031755748e-04,9.453736468956326318e-05,6.342272698600780070e-05
7.382460820273424318e-01,-3.825618478493366793e-06,-6.638061614919472768e-04,1.824053783722292987e+00,-3.319030807459736384e-04,1.052144233828744265e-04,6.345781015485837321e-05
7.385795265088361816e-01,-4.040062685385802893e-06,-6.246166103762421009e-04,1.911565020213938038e+00,-3.123083051881210504e-04,1.155521816610799310e-04,6.349634039215783666e-05
7.389129709903300425e-01,-4.240622861692537870e-06,-5.827514609859571482e-04,1.991236605817442218e+00,-2.913757304929785741e-04,1.253850435175336722e-04,6.353814934298062311e-05
7.392464154718239033e-01,-4.426660658879499422e-06,-5.384981040885520069e-04,2.062838076489103223e+00,-2.692490520442760034e-04,1.345644306764221454e-04,6.358301910979502242e-05
7.395798599533177642e-01,-4.597709523259422440e-06,-4.922152888921732614e-04,2.126232491363975186e+00,-2.461076444460866307e-04,1.429622915241142607e-04,6.363068909696545567e-05
7.399133044348115140e-01,-4.753474695991722796e-06,-4.443331230456830068e-04,2.181376432755819827e+00,-2.221665615228415034e-04,1.504739195206893890e-04,6.368086379503837280e-05
7.402467489163053749e-01,-4.893814927865624570e-06,-3.950605798185777826e-04,2.228290582369284678e+00,-1.975302899092888913e-04,1.570159060356282371e-04,6.373321988241270055e-05
7.405801933977992357e-01,-5.017979482617836809e-06,-3.442510425102118300e-04,2.266669226455555464e+00,-1.721255212551059150e-04,1.624711658585684939e-04,6.378739499607011764e-05
7.409136378792930966e-01,-5.124939858037737229e-06,-2.920640748318114027e-04,2.296090091549064738e+00,-1.460320374159057013e-04,1.667162177096453090e-04,6.384298559884092053e-05
7.412470823607868464e-01,-5.213916735540423537e-06,-2.386872219111107845e-04,2.316257500997258134e+00,-1.193436109555553922e-04,1.696577400050441724e-04,6.389955703598831872e-05
7.415805268422807073e-01,-5.284382818927345964e-06,-1.843316876101844292e-04,2.327003490227153915e+00,-9.216584380509221458e-05,1.712356037464790766e-04,6.395665460309285023e-05
7.419139713237745681e-01,-5.336062834386127700e-06,-1.292323345255534293e-04,2.328287806745299893e+00,-6.461616726277671463e-05,1.714246721380625102e-04,6.401381521400918413e-05
7.422474158052684290e-01,-5.368933530490686015e-06,-7.364768398811493430e-05,2.320197910137805852e+00,-3.682384199405746715e-05,1.702354733113853368e-04,6.407057929313935178e-05
7.425808602867621788e-01,-5.383223678201206006e-06,-1.785991606317817362e-05,2.302948972070341327e+00,-8.929958031589086808e-06,1.677137347792997675e-04,6.412650251247222833e-05
7.429143047682560397e-01,-5.379414070864144826e-06,3.782513044960956767e-05,2.276883876288110731e+00,1.891256522480478383e-05,1.639388043434722810e-04,6.418116700208326511e-05
7.432477492497499005e-01,-5.357973660473329577e-06,9.326557743166623911e-05,2.242327565521915034e+00,4.663278871583311955e-05,1.590003614936113738e-04,6.423418479517882887e-05
7.435811937312436504e-01,-5.318549590308313730e-06,1.483936188346410561e-04,2.199188034671500702e+00,7.419680941732052803e-05,1.529412825686146909e-04,6.428518222184392231e-05
7.439146382127375112e-01,-5.260769529897187035e-06,2.029771460421721349e-04,2.147373339348171317e+00,1.014885730210860675e-04,1.458193351148610666e-04,6.433380487443307550e-05
7.442480826942313721e-01,-5.184514616460839872e-06,2.567867103879640069e-04,2.086915514567599050e+00,1.283933551939820034e-04,1.377240341605881610e-04,6.437972819359299135e-05
7.445815271757252329e-01,-5.089919451997065888e-06,3.095956000114517847e-04,2.017970567645758440e+00,1.547978000057258924e-04,1.287744356916373744e-04,6.442266731853185462e-05
7.449149716572189828e-01,-4.977372103280609422e-06,3.611798398577654653e-04,1.940818478198965691e+00,1.805899199288827327e-04,1.191159275089709405e-04,6.446238586721774269e-05
7.452484161387128436e-01,-4.847514101863016434e-06,4.113181916777986142e-04,1.855863198143773429e+00,2.056590958388993071e-04,1.089160592571445187e-04,6.449870332612309511e-05
7.455818606202067045e-01,-4.701240444072851343e-06,4.597921540281055828e-04,1.763632651697124132e+00,2.298960770140527914e-04,9.835948845701970270e-05,6.453150075475163879e-05
7.459153051017005653e-01,-4.539697049629339248e-06,5.063874022591490203e-04,1.664777361614959927e+00,2.531937011295745102e-04,8.764200875384535786e-05,6.456072449891765155e-05
7.462487495831943152e-01,-4.363682190105456680e-06,5.510596694656539306e-04,1.559758945789970985e+00,2.755298347328269653e-04,7.693340782865669978e-05,6.458637751920062817e-05
7.465821940646881760e-01,-4.173373117659589988e-06,5.936836141138784710e-04,1.448729955870005304e+00,2.968418070569392355e-04,6.637046807974963263e-05,6.460850838551597866e-05
7.469156385461820369e-01,-3.969159785728021604e-06,6.340271463586803899e-04,1.331952470571188707e+00,3.170135731793401949e-04,5.610188523945836697e-05,6.462721524955048662e-05
7.472490830276758977e-01,-3.751612749630752594e-06,6.718859720172166029e-04,1.209772527965449873e+00,3.359429860086083014e-04,4.628150107925649005e-05,6.464264756068061025e-05
7.475825275091696476e-01,-3.521483166571645809e-06,7.070835925689165219e-04,1.082620125480596496e+00,3.535417962844582609e-04,3.706399190870590226e-05,6.465500634424469286e-05
7.479159719906635084e-01,-3.279702795638109089e-06,7.394713051555292177e-04,9.510092199001448643e-01,3.697356525777646089e-04,2.860022532894613894e-05,6.466454293155011719e-05
7.482494164721573693e-01,-3.027383997801557748e-06,7.689282025810515375e-04,8.155377273635733282e-01,3.844641012905257687e-04,2.103236515663611732e-05,6.467155605764435180e-05
7.485828609536511191e-01,-2.765819735917200275e-06,7.953611733117685453e-04,6.768875233662031699e-01,3.976805866558842727e-04,1.448882003816312768e-05,6.467638727472943159e-05
7.489163054351449800e-01,-2.496451072961672201e-06,8.187144872689121854e-04,5.358075503239736470e-01,4.093572436344560927e-04,9.078574427550144805e-06,6.467941447527213259e-05
7.492497499166388408e-01,-2.220162472237051240e-06,8.390394039115237762e-04,3.927562255267867952e-01,4.195197019557618881e-04,4.878048965562201376e-06,6.468104103378016019e-05
7.495831943981327017e-01,-1.937739279093405676e-06,8.561788426597945634e-04,2.481503132527733690e-01,4.280894213298972817e-04,1.947285614514025001e-06,6.468169034542221147e-05
7.499166388796264515e-01,-1.650148275947904598e-06,8.699516897478502993e-04,1.024937448896836578e-01,4.349758448739251496e-04,3.321962480977146921e-07,6.468180111442790078e-05
7.502500833611203124e-01,-1.358426517730938757e-06,8.802255047354408304e-04,-4.368268064277036622e-02,4.401127523677204152e-04,6.034184196325953021e-08,6.468182123508210766e-05
7.505835278426141732e-01,-1.063681331886695917e-06,8.869165205079121254e-04,-1.898212968926236144e-01,4.434582602539560627e-04,1.139435831579665418e-06,6.468220117367216426e-05
7.509169723241080341e-01,-7.670903183727805343e-07,8.899896432762266583e-04,-3.353375698758519485e-01,4.449948216381133291e-04,3.556021888484462732e-06,6.468338690954695332e-05
7.512504168056017839e-01,-4.699013496604058229e-07,8.894584525769582035e-04,-4.796200980762759247e-01,4.447292262884791018e-04,7.274359281482196550e-06,6.468581250450576884e-05
7.515838612870956448e-01,-1.734325707339990380e-07,8.853852012722906442e-04,-6.220306124457524177e-01,4.426926006361453221e-04,1.223555058726360408e-05,6.468989238132713494e-05
7.519173057685895056e-01,1.209276009082049661e-07,8.778808155500182966e-04,-7.619039764038866291e-01,4.389404077750091483e-04,1.835694811280881862e-05,6.469601340437242532e-05
7.522507502500833665e-01,4.121500519788989515e-07,8.671163602255973135e-04,-8.987631253348905558e-01,4.335581801127986567e-04,2.554409328555700805e-05,6.470453094131324947e-05
7.525841947315771163e-01,6.995732750265272507e-07,8.531015269882232313e-04,-1.032309634806823029e+00,4.265507634941116157e-04,3.369922874066200164e-05,6.471576776316743354e-05
7.529176392130709772e-01,9.817744559776499243e-07,8.357057375521937531e-04,-1.161861389531408273e+00,4.178528687760968766e-04,4.268827830924804516e-05,6.473000193399411470e-05
7.532510836945648380e-01,1.257411535851717719e-06,8.148637610742996999e-04,-1.286784816147681809e+00,4.074318805371498499e-04,5.236147299538704790e-05,6.474746157820731880e-05
7.535845281760585879e-01,1.525246039972012719e-06,7.905787098128399127e-04,-1.406506449362876499e+00,3.952893549064199563e-04,6.255808643931763777e-05,6.476832122690332687e-05
7.539179726575524487e-01,1.784143077965905424e-06,7.629220391275916540e-04,-1.520512931952533897e+00,3.814610195637958270e-04,7.311058119139948719e-05,6.479269954674039865e-05
7.542514171390463096e-01,2.033071343764321855e-06,7.320335474798592883e-04,-1.628351014760266668e+00,3.660167737399296442e-04,8.384864683671093056e-05,6.482065841530882538e-05
7.545848616205401704e-01,2.271103115602099949e-06,6.981213764324429487e-04,-1.729627556697919344e+00,3.490606882162214744e-04,9.460306166567051037e-05,6.485220328415366553e-05
7.549183061020339203e-01,2.497414256017825862e-06,6.614620106496585947e-04,-1.824009524745496158e+00,3.307310053248292974e-04,1.052093175836159826e-04,6.488728475050365720e-05
7.552517505835277811e-01,2.711284211854136369e-06,6.224002778972886809e-04,-1.911223993951285838e+00,3.112001389486443404e-04,1.155109559500416567e-04,6.492580124131727812e-05
7.555851950650216420e-01,2.912354489304371794e-06,5.812524102297600848e-04,-1.991180138371555719e+00,2.906262051148800424e-04,1.253779322854988571e-04,6.496760782093899649e-05
7.559186395465155028e-01,3.100296484677700624e-06,5.379566342127047301e-04,-2.063779696815861264e+00,2.689783171063523650e-04,1.346873075263917011e-04,6.501251856036093185e-05
7.562520840280092527e-01,3.273651781387489188e-06,4.925109825451684216e-04,-2.128368390684879596e+00,2.462554912725842108e-04,1.432496603168408077e-04,6.506028436906944722e-05
7.565855285095031135e-01,3.431155006407510850e-06,4.449834166795975420e-04,-2.184394332238977388e+00,2.224917083397987710e-04,1.508905640646273770e-04,6.511059799496628057e-05
7.569189729909969744e-01,3.571804515046902558e-06,3.955012269088813669e-04,-2.231442466305732619e+00,1.977506134544406834e-04,1.574604135225582912e-04,6.516310230090911694e-05
7.572524174724908352e-01,3.694862390950402863e-06,3.442510323662917836e-04,-2.269234570280024954e+00,1.721255161831458918e-04,1.628391333188554575e-04,6.521740011128552986e-05
7.575858619539845851e-01,3.799854446098256626e-06,2.914787810255155460e-04,-2.297629254124005538e+00,1.457393905127577730e-04,1.669398059475062784e-04,6.527306526832036735e-05
7.579193064354784459e-01,3.886570220806350965e-06,2.374897497005840183e-04,-2.316621960367130306e+00,1.187448748502920092e-04,1.697111349472546667e-04,6.532965450971659057e-05
7.582527509169723068e-01,3.955062983726004348e-06,1.826485440459784510e-04,-2.326344964106103141e+00,9.132427202298922550e-05,1.711387004433274309e-04,6.538671976494945149e-05
7.585861953984660566e-01,4.005649731844099999e-06,1.273790985565789150e-04,-2.327067373004919837e+00,6.368954927828945748e-05,1.712450056715031886e-04,6.544382046707399080e-05
7.589196398799599175e-01,4.038864699033378546e-06,7.207654861404502711e-05,-2.319165730148362137e+00,3.603827430702251356e-05,1.700840426393234481e-04,6.550053405248222962e-05
7.592530843614537783e-01,4.054555836342057733e-06,1.657230524417050571e-05,-2.302635096788434588e+00,8.286152622085252856e-06,1.676680215575872528e-04,6.555644202899360193e-05
7.595865288429476392e-01,4.051967215978858903e-06,-3.902202373849561891e-05,-2.277187833147611418e+00,-1.951101186924780945e-05,1.639825778979636303e-04,6.561112111465481017e-05
7.599199733244413890e-01,4.030586826906992149e-06,-9.449762239824042250e-05,-2.242663148655277716e+00,-4.724881119912021125e-05,1.590479565310719842e-04,6.566415477805296393e-05
7.602534178059352499e-01,3.990177981551008479e-06,-1.496357356865586153e-04,-2.199036628339448907e+00,-7.481786784327930763e-05,1.529202243588264048e-04,6.571514518297422104e-05
7.605868622874291107e-01,3.930779315796840475e-06,-2.042076694420417093e-04,-2.146420232826836472e+00,-1.021038347210208547e-04,1.456899207150298052e-04,6.576372468304592621e-05
7.609203067689229716e-01,3.852704788991782811e-06,-2.579747903904520967e-04,-2.085062298342808429e+00,-1.289873951952260484e-04,1.374795402292127398e-04,6.580956647705366665e-05
7.612537512504167214e-01,3.756543683944529099e-06,-3.106885261446868914e-04,-2.015347536711420862e+00,-1.553442630723434457e-04,1.284398819524445556e-04,6.585239404689441735e-05
7.615871957319105823e-01,3.643160606925038059e-06,-3.620903652048484294e-04,-1.937797035355324216e+00,-1.810451826024242147e-04,1.187453397128935601e-04,6.589198902512480164e-05
7.619206402134044431e-01,3.513681927188815612e-06,-4.119191349610472320e-04,-1.853060960700039006e+00,-2.059595674805236160e-04,1.085873946909428881e-04,6.592819689264428824e-05
7.622540846948983040e-01,3.368651641719509440e-06,-4.601663819203977851e-04,-1.761478041865887745e+00,-2.300831909601988925e-04,9.811930593755861221e-05,6.596091423373717539e-05
7.625875291763920538e-01,3.208052617299687245e-06,-5.067103467175682356e-04,-1.663110755620890613e+00,-2.533551733587841178e-04,8.746662003470668894e-05,6.599007949550265235e-05
7.629209736578859147e-01,3.032141452152533870e-06,-5.513197084753237477e-04,-1.558162135973775841e+00,-2.756598542376618739e-04,7.677596665730752662e-05,6.601568001789589947e-05
7.632544181393797755e-01,2.841372444351464473e-06,-5.937855813350059525e-04,-1.446928434486394410e+00,-2.968927906675029762e-04,6.620550500343388035e-05,6.603775587818380710e-05
7.635878626208735254e-01,2.636397591819985616e-06,-6.339215144565834171e-04,-1.329799120273631674e+00,-3.169607572282917085e-04,5.592063349005115371e-05,6.605640230482269417e-05
7.639213071023673862e-01,2.418066592331469958e-06,-6.715634920186876406e-04,-1.207256880003280575e+00,-3.357817460093438203e-04,4.608922210321185839e-05,6.607177050158936839e-05
7.642547515838612471e-01,2.187426843509563669e-06,-7.065699332185334733e-04,-1.079877617896275677e+00,-3.532849666092667366e-04,3.687644776806987969e-05,6.608406674959471552e-05
7.645881960653551079e-01,1.945723442827920470e-06,-7.388216922719728933e-04,-9.483304557265408441e-01,-3.694108461359864467e-04,2.843933233904017167e-05,6.609354968802054378e-05
7.649216405468488578e-01,1.694316811129497275e-06,-7.682465018037880735e-04,-8.133348394947110815e-01,-3.841232509018940367e-04,2.091889556278446214e-05,6.610052497830489447e-05
7.652550850283427186e-01,1.433940072898833284e-06,-7.948569090239386223e-04,-6.752856453913114176e-01,-3.974284545119693111e-04,1.442032458488414829e-05,6.610533335595906621e-05
7.655885295098365795e-01,1.165295442422057322e-06,-8.184597909130416618e-04,-5.345706339421740783e-01,-4.092298954565208309e-04,9.036706873428752902e-06,6.610834659599689595e-05
7.659219739913304403e-01,8.892376434186502299e-07,-8.388682040327669108e-04,-3.916483742584501715e-01,-4.194341020163834554e-04,4.850568657880589748e-06,6.610996399134796888e-05
7.662554184728241902e-01,6.067250676094762374e-07,-8.559376198140087938e-04,-2.470213895005937133e-01,-4.279688099070043969e-04,1.929608131486941111e-06,6.611060740853085080e-05
7.665888629543180510e-01,3.188197747164064572e-07,-8.695659245569088832e-04,-1.012361568781695587e-01,-4.347829622784544416e-04,3.240942308309400929e-07,6.611071547596360665e-05
7.669223074358119119e-01,2.668749246288237354e-08,-8.796934194308209890e-04,4.511689234985882813e-02,-4.398467097154104945e-04,6.436923616632593856e-08,6.611073693953019423e-05
7.672557519173057727e-01,-2.684023834264557936e-07,-8.863028204743356609e-04,1.914033728753206098e-01,-4.431514102371678305e-04,1.158508362801333882e-06,6.611112323775053469e-05
7.675891963987995226e-01,-5.650767892255799885e-07,-8.894192585952732499e-04,3.369449453407415973e-01,-4.447096292976366249e-04,3.590193790403281783e-06,6.611232036805743384e-05
7.679226408802933834e-01,-8.618828993004531413e-07,-8.891148114019661094e-04,4.810315278879625511e-01,-4.445574057009830547e-04,7.317236362157615454e-06,6.611476026014217826e-05
7.682560853617872443e-01,-1.158076919431207531e-06,-8.855536032665482305e-04,6.233180000672413623e-01,-4.427768016332741152e-04,1.228624968963471856e-05,6.611885704229944016e-05
7.685895298432809941e-01,-1.452633146938049425e-06,-8.786236918297702638e-04,7.633070368599899069e-01,-4.393118459148851319e-04,1.842461969291320361e-05,6.612500063005966543e-05
7.689229743247748550e-01,-1.744223916391476713e-06,-8.681689064927232240e-04,9.003525815217851003e-01,-4.340844532463616120e-04,2.563452227056429552e-05,6.613354832004651100e-05
7.692564188062687158e-01,-2.031576983981209106e-06,-8.541025380340289260e-04,1.033845107891577797e+00,-4.270512690170144630e-04,3.379955278988489074e-05,6.614481859440127101e-05
7.695898632877625767e-01,-2.313475527516579362e-06,-8.364073386098317461e-04,1.163211620391878975e+00,-4.182036693049158730e-04,4.278755439023198626e-05,6.615908586828931411e-05
7.699233077692563265e-01,-2.588758146426346516e-06,-8.151355217538083786e-04,1.287915654028674250e+00,-4.075677608769041893e-04,5.245354488586517495e-05,6.617657621336629867e-05
7.702567522507501874e-01,-2.856318861759057770e-06,-7.904087623771380213e-04,1.407457274391585855e+00,-3.952043811885690107e-04,6.264269593367441814e-05,6.619746407463126582e-05
7.705901967322440482e-01,-3.115107116182501739e-06,-7.624181967685447672e-04,1.521373077653624950e+00,-3.812090983842723836e-04,7.319332108509473930e-05,6.622186998362930099e-05
7.709236412137379091e-01,-3.364127773984073941e-06,-7.314244225942710415e-04,1.629236190571359266e+00,-3.657122112971355208e-04,8.393983229562888436e-05,6.624985925748579692e-05
7.712570856952316589e-01,-3.602441121070609937e-06,-6.977574988980948410e-04,1.730656270484837167e+00,-3.488787494490474205e-04,9.471562741928880901e-05,6.628144166075997774e-05
7.715905301767255198e-01,-3.829676489636004530e-06,-6.616734450767756655e-04,1.825525537199164550e+00,-3.308367225383878328e-04,1.053842782037315830e-04,6.631658146676322745e-05
7.719239746582193806e-01,-4.045246462177046846e-06,-6.230898325765276422e-04,1.913609652473825085e+00,-3.115449162882638211e-04,1.157995057855233206e-04,6.635519417292712416e-05
7.722574191397132415e-01,-4.247607021510349794e-06,-5.819815769230188762e-04,1.994204612383601471e+00,-2.909907884615094381e-04,1.257591035140246901e-04,6.639712785199149386e-05
7.725908636212069913e-01,-4.435444734304538611e-06,-5.383917336844089513e-04,2.066727919902229704e+00,-2.691958668422044757e-04,1.350723988821387418e-04,6.644216699800087550e-05
7.729243081027008522e-01,-4.607687072295707310e-06,-4.924303785709084266e-04,2.130723645850567838e+00,-2.462151892854542133e-04,1.435668762478307784e-04,6.649003858061101836e-05
7.732577525841947130e-01,-4.763502412287048527e-06,-4.442746074348660605e-04,2.185862428896450993e+00,-2.221373037174330302e-04,1.510934545136268068e-04,6.654041985920843200e-05
7.735911970656884629e-01,-4.902300036149061046e-06,-3.941685362707282071e-04,2.231941475554777732e+00,-1.970842681353641036e-04,1.575308459800582410e-04,6.659294765046553407e-05
7.739246415471823237e-01,-5.023730130819667531e-06,-3.424233012149857452e-04,2.268884560187542476e+00,-1.712116506074928726e-04,1.627889040958950735e-04,6.664722871218474410e-05
7.742580860286761846e-01,-5.127683788303933319e-06,-2.894170585462746913e-04,2.296742025003742693e+00,-1.447085292731373457e-04,1.668109032885308981e-04,6.670285088733930604e-05
7.745915305101700454e-01,-5.214293005674261230e-06,-2.355949846853090885e-04,2.315690780059444176e+00,-1.177974923426545442e-04,1.695747295184316117e-04,6.675939464509804302e-05
7.749249749916637953e-01,-5.283910739374793893e-06,-1.813467795313668468e-04,2.326015765711244576e+00,-9.067338976568342342e-05,1.710902685897982330e-04,6.681644375099660626e-05
7.752584194731576561e-01,-5.336306496257654616e-06,-1.264829943685751371e-04,2.327671580876757851e+00,-6.324149718428756853e-05,1.713339425144854247e-04,6.687357410862063720e-05
7.755918639546515170e-01,-5.370557183495016313e-06,-7.111272502789719552e-05,2.320287884169133008e+00,-3.555636251394859776e-05,1.702486765547149615e-04,6.693034259029942944e-05
7.759253084361453778e-01,-5.385977317064103837e-06,-1.542754520726836998e-05,2.303617548340719079e+00,-7.713772603634184988e-06,1.678111279052183413e-04,6.698629828483269129e-05
7.762587529176391277e-01,-5.382167432293209270e-06,4.036134035552305056e-05,2.277556388899086404e+00,2.018067017776152528e-05,1.640356623313983151e-04,6.704099507120527956e-05
7.765921973991329885e-01,-5.359014083861689380e-06,9.602309588291004947e-05,2.242143164106991104e+00,4.801154794145502474e-05,1.589742112678375473e-04,6.709400414465237271e-05
7.769256418806268494e-01,-5.316689845799967315e-06,1.513072545574352910e-04,2.197559574982427044e+00,7.565362727871764552e-05,1.527148658204733700e-04,6.714492607390227543e-05
7.772590863621207102e-01,-5.255653311489533449e-06,2.059437185218259032e-04,2.144130265298592963e+00,1.029718592609129516e-04,1.453792199361970809e-04,6.719340197251388749e-05
7.775925308436144601e-01,-5.176649093662979267e-06,2.596427588789565065e-04,2.082322821583922678e+00,1.298213794394782533e-04,1.371185202332406931e-04,6.723912338639625856e-05
7.779259753251083209e-01,-5.080707068276898594e-06,3.120955070098885265e-04,2.012747360458236212e+00,1.560477535049442633e-04,1.281086726842287820e-04,6.728184051633431643e-05
7.782594198066021818e-01,-4.968435185979729754e-06,3.632484140904648686e-04,1.935783436956394210e+00,1.816242070452324343e-04,1.184986872593339315e-04,6.732135324966519771e-05
7.785928642880959316e-01,-4.839637420815053227e-06,4.130559779042158918e-04,1.851405202303396891e+00,2.065279889521079459e-04,1.083934300359181612e-04,6.735749644074086404e-05
7.789263087695897925e-01,-4.694412209363559279e-06,4.612830919742536202e-04,1.759743730324515587e+00,2.306415459871268101e-04,9.792618894355894306e-05,6.739014938803781878e-05
7.792597532510836533e-01,-4.533068263840422303e-06,5.077132827546380857e-04,1.661030230016674825e+00,2.538566413773190428e-04,8.724791816295916899e-05,6.741924172487107601e-05
7.795931977325775142e-01,-4.356124572095136498e-06,5.521487096304446025e-04,1.555596045548341300e+00,2.760743548152223012e-04,7.652329482025268257e-05,6.744475799523461318e-05
7.799266422140712640e-01,-4.164310397611621748e-06,5.944101649177331928e-04,1.443872656259589826e+00,2.972050824588665964e-04,6.592616055679051087e-05,6.746674070965834368e-05
7.802600866955651249e-01,-3.958565279507962731e-06,6.343370738636042606e-04,1.326391676661952124e+00,3.171685369318021303e-04,5.563442141966837713e-05,6.748529170046183533e-05
7.805935311770589857e-01,-3.740039032536793479e-06,6.717874946461139694e-04,1.203784856438639528e+00,3.358937473230569847e-04,4.582450171418018408e-05,6.750057162767562837e-05
7.809269756585528466e-01,-3.510040152540258179e-06,7.066563105485940610e-04,1.076756989572358769e+00,3.533281552742970305e-04,3.666362474101008881e-05,6.751279691101708851e-05
7.812604201400465964e-01,-3.269305600331478473e-06,7.389472889921066103e-04,9.457148355969731135e-01,3.694736444960533051e-04,2.828266984691621728e-05,6.752222761119945496e-05
7.815938646215404573e-01,-3.018395738204279969e-06,7.684724099303494012e-04,8.109846986198379071e-01,3.842362049651747006e-04,2.079817941605069414e-05,6.752916264935085293e-05
7.819273091030343181e-01,-2.758042527730487038e-06,7.950333722197069908e-04,6.729744738600259568e-01,3.975166861098534954e-04,1.432178610283904841e-05,6.753393816989197111e-05
7.822607535845281790e-01,-2.489106307469440618e-06,8.184690286161442306e-04,5.321487786326420943e-01,4.092345143080721153e-04,8.955011325132478624e-06,6.753692416900006050e-05
7.825941980660219288e-01,-2.212575792968170583e-06,8.386553857751893534e-04,3.890289523489144363e-01,4.193276928875946767e-04,4.785902505399714294e-06,6.753852000177945896e-05
7.829276425475157897e-01,-1.929568076761026011e-06,8.555056042519589097e-04,2.441930565160029820e-01,4.277528021259794548e-04,1.885674038106215662e-06,6.753914876938135411e-05
7.832610870290096505e-01,-1.641328628370225760e-06,8.689699985011180858e-04,9.827587473728538470e-02,4.344849992505590429e-04,3.054174425298361846e-07,6.753925060914212671e-05
7.835945315105034004e-01,-1.349231294305591648e-06,8.790360368769056408e-04,-4.803108728778360259e-02,4.395180184384528204e-04,7.295328222139258352e-08,6.753927493501148919e-05
7.839279759919972612e-01,-1.054737558748005600e-06,8.857373235837808032e-04,-1.940005129658746164e-01,4.428686617918904016e-04,1.190161114094532082e-06,6.753967178766707156e-05
7.842614204734911221e-01,-7.586364401205463136e-07,8.892002266708942237e-04,-3.392522150941518211e-01,4.446001133354471118e-04,3.639530674234356801e-06,6.754088536908561607e-05
7.845948649549849829e-01,-4.619345456682931440e-07,8.892845573700800541e-04,-4.832864244441768542e-01,4.446422786850400270e-04,7.385998104910262257e-06,6.754334818939402478e-05
7.849283094364787328e-01,-1.658504975885604951e-07,8.858262820554073901e-04,-6.255009070803828619e-01,4.429131410277036950e-04,1.237245513531373942e-05,6.754747371628142070e-05
7.852617539179725936e-01,1.284107508454561331e-07,8.787247339790344499e-04,-7.653090283879809830e-01,4.393623669895172250e-04,1.852139413023489231e-05,6.755364957294371462e-05
7.855951983994664545e-01,4.196579152840898684e-07,8.679426132712149715e-04,-9.021397530726764646e-01,4.339713066356074857e-04,2.573639071373305393e-05,6.756223123040078129e-05
7.859286428809603153e-01,7.067133803015949602e-07,8.535059869402951763e-04,-1.035437645160859121e+00,4.267529934701475881e-04,3.390376280111906718e-05,6.757353625300869854e-05
7.862620873624540652e-01,9.884131993959568325e-07,8.355042888727206001e-04,-1.164662867999513240e+00,4.177521444363603001e-04,4.289438632104893511e-05,6.758783914941450814e-05
7.865955318439479260e-01,1.263607094989264778e-06,8.140903198330109395e-04,-1.289291184256387668e+00,4.070451599165054698e-04,5.256564844823679303e-05,6.760536687480572294e-05
7.869289763254417869e-01,1.531158458427148682e-06,7.894802474637968061e-04,-1.408813955919738126e+00,3.947401237318984030e-04,6.276351970587368181e-05,6.762629502409077539e-05
7.872624208069356477e-01,1.789965208529807476e-06,7.619525091130381709e-04,-1.522748453586373119e+00,3.809762545565190854e-04,7.332571968952990185e-05,6.765074508067282300e-05
7.875958652884293976e-01,2.039772498254528652e-06,7.316783373271482397e-04,-1.631031299910146837e+00,3.658391686635741199e-04,8.412490575368812605e-05,6.767879606625257487e-05
7.879293097699232584e-01,2.279504670539027359e-06,6.985729385493628539e-04,-1.733177977382424073e+00,3.492864692746814269e-04,9.499184524876553713e-05,6.771047057283769560e-05
7.882627542514171193e-01,2.507642167287909569e-06,6.625904852009674136e-04,-1.828488589603852299e+00,3.312952426004837068e-04,1.057266591237109575e-04,6.774572454386927416e-05
7.885961987329108691e-01,2.722872521853925640e-06,6.237568716619264989e-04,-1.916373862245235093e+00,3.118784358309632495e-04,1.161342922588642413e-04,6.778444888273518168e-05
7.889296432144047300e-01,2.924090359038168104e-06,5.821697142708409352e-04,-1.996355143047608971e+00,2.910848571354204676e-04,1.260304845261573260e-04,6.782647305230042676e-05
7.892630876958985908e-01,3.110397395089638829e-06,5.379983513250248799e-04,-2.068064401822069520e+00,2.689991756625124400e-04,1.352471487230487565e-04,6.787157046767990456e-05
7.895965321773924517e-01,3.281102437705544635e-06,4.914838430804561661e-04,-2.131244230449888644e+00,2.457419215402280831e-04,1.436370381715337309e-04,6.791946544539632067e-05
7.899299766588862015e-01,3.435721386031169815e-06,4.429389717518035703e-04,-2.185747842882469705e+00,2.214694858759017851e-04,1.510776138617437757e-04,6.796984144201576787e-05
7.902634211403800624e-01,3.573977230660081542e-06,3.927482415123631694e-04,-2.231539075141415029e+00,1.963741207561815847e-04,1.574740481080288219e-04,6.802235029433588984e-05
7.905968656218739232e-01,3.695800053633817311e-06,3.413678784941543472e-04,-2.268692385318419102e+00,1.706839392470771736e-04,1.627613287736321616e-04,6.807662216121606366e-05
7.909303101033677841e-01,3.801207948647938862e-06,2.890535418509004102e-04,-2.297314535306326899e+00,1.445267709254502051e-04,1.668940757671706187e-04,6.813227206977463205e-05
7.912637545848615339e-01,3.889509369359134544e-06,2.356205469985141079e-04,-2.317129251031346371e+00,1.178102734992570540e-04,1.697854693031352680e-04,6.818888609755160751e-05
7.915971990663553948e-01,3.959826369091244103e-06,1.812516262750727932e-04,-2.327792789421930575e+00,9.062581313753639660e-05,1.713517866801174850e-04,6.824602240521419601e-05
7.919306435478492556e-01,4.011532752386640742e-06,1.261566418994303543e-04,-2.329088621062223030e+00,6.307832094971517717e-05,1.715426154094477993e-04,6.830322234366350003e-05
7.922640880293431165e-01,4.044256476240404527e-06,7.055983059176050391e-05,-2.320927742731015542e+00,3.527991529588025196e-05,1.703425873960626744e-04,6.836002213939409414e-05
7.925975325108368663e-01,4.057879650100278766e-06,1.469980357359179863e-05,-2.303348677401751310e+00,7.349901786795899313e-06,1.677719574253294372e-04,6.841596477274699065e-05
7.929309769923307272e-01,4.052538535866689488e-06,-4.117045343226535467e-05,-2.276517474242495176e+00,-2.058522671613267734e-05,1.638860456755552393e-04,6.847061167027134517e-05
7.932644214738245880e-01,4.028623547892714950e-06,-9.678358020160819164e-05,-2.240727708615970037e+00,-4.839179010080409582e-05,1.587735551308936386e-04,6.852355383603689473e-05
7.935978659553183379e-01,3.986778435077330200e-06,-1.518591868148070972e-04,-2.196399974434953162e+00,-7.592959340740354859e-05,1.525537402506582576e-04,6.857442203885472142e-05
7.939313104368121987e-01,3.927484496139593324e-06,-2.062994403937783681e-04,-2.143859547616953964e+00,-1.031497201968891841e-04,1.453425111210393918e-04,6.862288569711448073e-05
7.942647549183060596e-01,3.850490083412003967e-06,-2.599810542197823673e-04,-2.083065324783111016e+00,-1.299905271098911836e-04,1.372163236002092463e-04,6.866863972298984612e-05
7.945981993997999204e-01,3.755651369748186723e-06,-3.126639724500239600e-04,-2.014035802042612122e+00,-1.563319862250119800e-04,1.282727403416385474e-04,6.871141156038284659e-05
7.949316438812936703e-01,3.643060271707662030e-06,-3.641190252277938001e-04,-1.936903567755170918e+00,-1.820595126138969001e-04,1.186358642075393166e-04,6.875097003461010927e-05
7.952650883627875311e-01,3.513044449555689039e-06,-4.141279286825368783e-04,-1.851915302530921403e+00,-2.070639643412684392e-04,1.084531675047655918e-04,6.878713314481509631e-05
7.955985328442813920e-01,3.366167307263489660e-06,-4.624832849297493605e-04,-1.759431779230570925e+00,-2.312416424648746803e-04,9.789147312262338324e-05,6.881977451631313787e-05
7.959319773257752528e-01,3.203227992508106682e-06,-5.089885820710477599e-04,-1.659927862965301149e+00,-2.544942910355238799e-04,8.713214987269141110e-05,6.884882825084887557e-05
7.962654218072690027e-01,3.025261396672499063e-06,-5.534581941941372780e-04,-1.553992511096828899e+00,-2.767290970970686390e-04,7.636561314531894605e-05,6.887429194312807035e-05
7.965988662887628635e-01,2.833486914760886969e-06,-5.957383694541334724e-04,-1.442301635735317333e+00,-2.978691847270667362e-04,6.578277532827422696e-05,6.889622684653863636e-05
7.969323107702567244e-01,2.628523704575881525e-06,-6.358172514819792308e-04,-1.325217006550406085e+00,-3.179086257409896154e-04,5.553592388711711545e-05,6.891474499388346240e-05
7.972657552517505852e-01,2.410737551604393169e-06,-6.734996718239139209e-04,-1.202981792027798535e+00,-3.367498359119569604e-04,4.576338157078077920e-05,6.893000454092273804e-05
7.975991997332443351e-01,2.180688982762992655e-06,-7.085718515715184497e-04,-1.075933239883031689e+00,-3.542859257857592249e-04,3.660754876988119797e-05,6.894221112604106614e-05
7.979326442147381959e-01,1.939100735228787846e-06,-7.408515564621309842e-04,-9.444828755683187804e-01,-3.704257782310654921e-04,2.820903153059311561e-05,6.895161727193323156e-05
7.982660886962320568e-01,1.686857756439884503e-06,-7.701880968787770199e-04,-8.091165022728046274e-01,-3.850940484393885099e-04,2.070246779706620956e-05,6.895852039557346172e-05
7.985995331777258066e-01,1.425007204095171135e-06,-7.964623278502083042e-04,-6.703942009224436172e-01,-3.982311639251041521e-04,1.421217340562407698e-05,6.896325936636560762e-05
7.989329776592196675e-01,1.154758446154041385e-06,-8.195866490509254960e-04,-5.289503301798564872e-01,-4.097933245254627480e-04,8.847687706919497557e-06,6.896620957900546651e-05
7.992664221407135283e-01,8.774830608369194028e-07,-8.395050048011247143e-04,-3.854935264446062160e-01,-4.197525024005623571e-04,4.699310905000847997e-06,6.896777653829355280e-05
7.995998666222073892e-01,5.946029443898050679e-07,-8.562178122670415425e-04,-2.407491292401556793e-01,-4.281089061335207713e-04,1.832860661160507428e-06,6.896838769556637298e-05
7.999333111037011390e-01,3.068707003247271723e-07,-8.697781054558237400e-04,-9.509894023791273798e-02,-4.348890527279118700e-04,2.859903337486357492e-07,6.896848305746491295e-05
8.002667555851949999e-01,1.523750918133767007e-08,-8.800076738311009760e-04,5.096678174832258712e-02,-4.400038369155504880e-04,8.214373059331024732e-08,6.896851044783857353e-05
8.006002000666888607e-01,-2.792277462983998299e-07,-8.867469656811770556e-04,1.969052038920863223e-01,-4.433734828405885278e-04,1.226067521146123586e-06,6.896891927328743679e-05
8.009336445481827216e-01,-5.754154049363009068e-07,-8.898896634974336889e-04,3.421615709841899777e-01,-4.449448317487168444e-04,3.702222044984345270e-06,6.897015375879760361e-05
8.012670890296764714e-01,-8.721750271177678925e-07,-8.893826839743257211e-04,4.861692054326246515e-01,-4.446913419871628605e-04,7.474375172305530820e-06,6.897264604795142633e-05
8.016005335111703323e-01,-1.168315394792182948e-06,-8.852261780093801562e-04,6.283495072627536260e-01,-4.426130890046900781e-04,1.248540279212301787e-05,6.897680923661169252e-05
8.019339779926641931e-01,-1.462604511472317151e-06,-8.774735307031962658e-04,7.681119541170227105e-01,-4.387367653515981329e-04,1.865731088351223964e-05,6.898303041396530515e-05
8.022674224741580540e-01,-1.753769602234724370e-06,-8.662313613594467814e-04,9.048541012551527540e-01,-4.331156806797233907e-04,2.589149443994978825e-05,6.899166378990394710e-05
8.026008669556518038e-01,-2.040497113719547921e-06,-8.516595234848825568e-04,1.037961581554049717e+00,-4.258297617424412784e-04,3.406924883138879115e-05,6.900302399291541864e-05
8.029343114371456647e-01,-2.321885268698465150e-06,-8.339605361452075670e-04,1.167032914893106232e+00,-4.169802680726037835e-04,4.306914100551754163e-05,6.901738516030637906e-05
8.032677559186395255e-01,-2.597319481128743863e-06,-8.131363818890059887e-04,1.291802144649537798e+00,-4.065681909445029944e-04,5.277059639450795497e-05,6.903498122445927249e-05
8.036012004001332754e-01,-2.865311961213592479e-06,-7.890759035194291719e-04,1.411565370906053607e+00,-3.945379517597145860e-04,6.300891352579871202e-05,6.905599119895935848e-05
8.039346448816271362e-01,-3.124491449491518089e-06,-7.617361618184248159e-04,1.525684842995235435e+00,-3.808680809092124080e-04,7.360878740867601269e-05,6.908053564291023079e-05
8.042680893631209971e-01,-3.373628375732542358e-06,-7.311444843648131015e-04,1.633601619527154103e+00,-3.655722421824065507e-04,8.439025721668112431e-05,6.910867510847098789e-05
8.046015338446148579e-01,-3.611634858938561946e-06,-6.973984655342572005e-04,1.734835568389529126e+00,-3.486992327671286003e-04,9.517363030004038300e-05,6.914041023027826013e-05
8.049349783261086078e-01,-3.837564707343184175e-06,-6.606659664992820327e-04,1.828985366747659214e+00,-3.303329832496410164e-04,1.057841161107576889e-04,6.917568336002510236e-05
8.052684228076024686e-01,-4.050613418412024768e-06,-6.211851152292255851e-04,1.915728501044545062e+00,-3.105925576146127925e-04,1.160560862805122908e-04,6.921438162153910280e-05
8.056018672890963295e-01,-4.250118178842253833e-06,-5.792643064903116616e-04,1.994821267000699727e+00,-2.896321532451558308e-04,1.258368908398256733e-04,6.925634123835799373e-05
8.059353117705901903e-01,-4.435557864562903344e-06,-5.352822018456018533e-04,2.066098769614278297e+00,-2.676411009228009267e-04,1.349901743155071041e-04,6.930135296703939169e-05
8.062687562520839402e-01,-4.606709123290038094e-06,-4.895941892601944189e-04,2.129546141949337112e+00,-2.447970946300972095e-04,1.434082410856305509e-04,6.934917165363012857e-05
8.066022007335778010e-01,-4.763352531275873406e-06,-4.421131771514602766e-04,2.185122875879804916e+00,-2.210565885757301383e-04,1.509912315049207886e-04,6.939951884652939746e-05
8.069356452150716619e-01,-4.904140900791732610e-06,-3.928621055723492640e-04,2.232236197705264491e+00,-1.964310527861746320e-04,1.575724518156428164e-04,6.945206051102278597e-05
8.072690896965655227e-01,-5.027900977917120067e-06,-3.419416149940625771e-04,2.270386170957750416e+00,-1.709708074970312886e-04,1.630044518292467193e-04,6.950641344594416936e-05
8.076025341780592726e-01,-5.133740059075643661e-06,-2.895033388495894290e-04,2.299216908680733251e+00,-1.447516694247947145e-04,1.671705954145059621e-04,6.956215555845317224e-05
8.079359786595531334e-01,-5.221045991035147776e-06,-2.357499035336364681e-04,2.318516573429154626e+00,-1.178749517668182341e-04,1.699888396574082857e-04,6.961883739895247700e-05
8.082694231410469943e-01,-5.289487170907500694e-06,-1.809349284027332171e-04,2.328217377269367727e+00,-9.046746420136660854e-05,1.714143012834118971e-04,6.967599455176455168e-05
8.086028676225407441e-01,-5.339012546148730964e-06,-1.253630257751806270e-04,2.328395581779183932e+00,-6.268151288759031352e-05,1.714405427940870195e-04,6.973316045466354442e-05
8.089363121040346050e-01,-5.369851614559046043e-06,-6.938980093099421159e-05,2.319271498047854596e+00,-3.469490046549710579e-05,1.700995567027699818e-04,6.978987921315064034e-05
8.092697565855284658e-01,-5.382514424282734034e-06,-1.342185211201550252e-05,2.301209486676074611e+00,-6.710926056007751259e-06,1.674604721865566455e-04,6.984571798346958656e-05
8.096032010670223267e-01,-5.377695748774353729e-06,4.218452557798639340e-05,2.274662984170953806e+00,2.109226278899319670e-05,1.636191456787513090e-04,6.990027588466291161e-05
8.099366455485160765e-01,-5.355207690227892242e-06,9.759097688684151262e-05,2.239608129399006664e+00,4.879548844342075631e-05,1.586149324092889213e-04,6.995316515855730757e-05
8.102700900300099374e-01,-5.314480240956270555e-06,1.526458121001121192e-04,2.195850518020513675e+00,7.632290605005605960e-05,1.524774234162036665e-04,7.000400791394783358e-05
8.106035345115037982e-01,-5.255212101311166715e-06,2.071248646444361996e-04,2.143332714952046025e+00,1.035624323222180998e-04,1.452710868766375965e-04,7.005244775618745976e-05
8.109369789929976591e-01,-5.177363643002414163e-06,2.608034678738868671e-04,2.082125675534266307e+00,1.304017339369434336e-04,1.370925577891281538e-04,7.009816051303612277e-05
8.112704234744914089e-01,-5.081156909098039845e-06,3.134564550699359868e-04,2.012428745531966712e+00,1.567282275349679934e-04,1.280681170681174420e-04,7.014086411992778269e-05
8.116038679559852698e-01,-4.967075614024131231e-06,3.648581594415247300e-04,1.934569661133970442e+00,1.824290797207623650e-04,1.183501316446933460e-04,7.018032731820877392e-05
8.119373124374791306e-01,-4.835865143565025207e-06,4.147824141249574037e-04,1.849004548953273819e+00,2.073912070624787018e-04,1.081125122285391096e-04,7.021637683879181318e-05
8.122707569189729915e-01,-4.688532554863191176e-06,4.630025521839728725e-04,1.756317926026953469e+00,2.315012760919864362e-04,9.754528187507017557e-05,7.024890277472881528e-05
8.126042014004667413e-01,-4.526263094788868393e-06,5.093258217461921764e-04,1.657178492264206549e+00,2.546629108730960882e-04,8.684375157230318049e-05,7.027786034444282826e-05
8.129376458819606022e-01,-4.349450209701447191e-06,5.537641648177828949e-04,1.551841199282445460e+00,2.768820824088914475e-04,7.615432187134858766e-05,7.030325358281274198e-05
8.132710903634544630e-01,-4.158296035123060099e-06,5.961235693016996929e-04,1.440475524148888686e+00,2.980617846508498464e-04,6.561630440641102427e-05,7.032513297741307251e-05
8.136045348449482129e-01,-3.953233283655357267e-06,6.361843613036581406e-04,1.323363706858379230e+00,3.180921806518290703e-04,5.538069988884849099e-05,7.034359936617226767e-05
8.139379793264420737e-01,-3.734876689370723084e-06,6.737535077893252620e-04,1.200872776492285743e+00,3.368767538946626310e-04,4.560306147321375043e-05,7.035880545535973707e-05
8.142714238079359346e-01,-3.504023007812684870e-06,7.086646165842397371e-04,1.073454551218736786e+00,3.543323082921198686e-04,3.643907326818555340e-05,7.037095586325176934e-05
8.146048682894297954e-01,-3.261651015995647329e-06,7.407779363738657870e-04,9.416456382924665025e-01,3.703889681869328935e-04,2.803980558962091441e-05,7.038030558168778907e-05
8.149383127709235453e-01,-3.008921512405039937e-06,7.699803567035702970e-04,8.060674340548985572e-01,3.849901783517851485e-04,2.054673175692142757e-05,7.038715677600487297e-05
8.152717572524174061e-01,-2.747177316996980667e-06,7.961854079786610892e-04,6.674261239339636109e-01,3.980927039893305446e-04,1.408660714776689234e-05,7.039185387742126813e-05
8.156052017339112670e-01,-2.477759925272219468e-06,8.193749731602943112e-04,5.264181468153816823e-01,4.096874865801471556e-04,8.763179425610127595e-06,7.039477591124107764e-05
8.159386462154051278e-01,-2.201350771372710213e-06,8.395493805291854000e-04,3.834030754127689677e-01,4.197746902645927000e-04,4.648482329288641091e-06,7.039632592202109656e-05
8.162720906968988777e-01,-1.918815271533854556e-06,8.565098985955417075e-04,2.388401014376541065e-01,4.282549492977708538e-04,1.803908454127064221e-06,7.039692742534025486e-05
8.166055351783927385e-01,-1.631123811683900348e-06,8.700904935819709892e-04,9.323367235569424150e-02,4.350452467909854946e-04,2.748815440977469399e-07,7.039701908307420205e-05
8.169389796598865994e-01,-1.339322615350862025e-06,8.801723375398388819e-04,-5.288202880616299506e-02,4.400861687699194409e-04,8.843337844365472485e-08,7.039704857069622231e-05
8.172724241413804602e-01,-1.044533743662148759e-06,8.866838083492926481e-04,-1.989430834598723274e-01,4.433419041746463241e-04,1.251577334749736342e-06,7.039746590225165771e-05
8.176058686228742101e-01,-7.479550953447556744e-07,8.896004897192545625e-04,-3.443558374561941360e-01,4.448002448596272813e-04,3.749858663070174942e-06,7.039871627192924612e-05
8.179393131043680709e-01,-4.508604067248687128e-07,8.889451711874245135e-04,-4.884969010848876358e-01,4.444725855937122568e-04,7.546118589625440698e-06,7.040123248352965274e-05
8.182727575858619318e-01,-1.545992517284547974e-07,8.847878481202745829e-04,-6.307131490744222191e-01,4.423939240601372914e-04,1.257951132583952305e-05,7.040542705216114511e-05
8.186062020673556816e-01,1.394307672816350153e-07,8.772486064500808686e-04,-7.703357666698327222e-01,4.386243032250404343e-04,1.876549933882788246e-05,7.041168430435814697e-05
8.189396465488495425e-01,4.305879422431118418e-07,8.664823102293568681e-04,-9.070803430703476833e-01,4.332411551146784340e-04,2.601905452985456578e-05,7.042036021450481039e-05
8.192730910303434033e-01,7.177893878477505665e-07,8.523899721721261676e-04,-1.040431962608624028e+00,4.261949860860630838e-04,3.423161357564010956e-05,7.043177455714422978e-05
8.196065355118372642e-01,9.996391689743626681e-07,8.348562712394685253e-04,-1.169722982802509526e+00,4.174281356197342627e-04,4.326792279282476960e-05,7.044620200722520663e-05
8.199399799933310140e-01,1.274837303040540648e-06,8.138345776306914756e-04,-1.294342142347890912e+00,4.069172888153457378e-04,5.297832010641732517e-05,7.046386733570350863e-05
8.202734244748248749e-01,1.542179760003020611e-06,7.893469527833006216e-04,-1.413734561118858313e+00,3.946734763916503108e-04,6.320271728433583174e-05,7.048494193299737799e-05
8.206068689563187357e-01,1.800558462357133499e-06,7.614841493730421362e-04,-1.527401740167456445e+00,3.807420746865210681e-04,7.377454880866954551e-05,7.050954164917233092e-05
8.209403134378125966e-01,2.048961285137174711e-06,7.304056113138757654e-04,-1.634901561723850483e+00,3.652028056569378827e-04,8.452461813188040377e-05,7.053772591663877651e-05
8.212737579193063464e-01,2.286472055916231306e-06,6.963394737579930429e-04,-1.735848289196254113e+00,3.481697368789965215e-04,9.528477910270290283e-05,7.056949810040092643e-05
8.216072024008002073e-01,2.512270554806499225e-06,6.595825630957708862e-04,-1.829912567171059878e+00,3.297912815478854431e-04,1.058913973832481130e-04,7.060480700249604125e-05
8.219406468822940681e-01,2.725636919583453646e-06,6.204995182998863500e-04,-1.916823553343617759e+00,3.102497591499431750e-04,1.161888021704335458e-04,7.064354951739115263e-05
8.222740913637879290e-01,2.926495557977763731e-06,5.792624253710671302e-04,-1.996621795080545381e+00,2.896312126855335651e-04,1.260641544164212775e-04,7.068558491399549862e-05
8.226075358452816788e-01,3.113904761170422781e-06,5.357939373807899712e-04,-2.068902994786308458e+00,2.678969686903949856e-04,1.353568554637243231e-04,7.073071891048223327e-05
8.229409803267755397e-01,3.286416108424587103e-06,4.901191407158775500e-04,-2.133019524964401725e+00,2.450595703579387750e-04,1.438764328378774947e-04,7.077869371302902954e-05
8.232744248082694005e-01,3.442842834087448152e-06,4.423243405331577860e-04,-2.188459771006599386e+00,2.211621702665788930e-04,1.514527402081208168e-04,7.082919479345855347e-05
8.236078692897631504e-01,3.582259827590443856e-06,3.925570607594245937e-04,-2.234848131193041709e+00,1.962785303797122969e-04,1.579414177448001347e-04,7.088185948760486780e-05
8.239413137712570112e-01,3.704003633449373396e-06,3.410260440913837803e-04,-2.271945016692266339e+00,1.705130220456918901e-04,1.632283661833154847e-04,7.093628708553195543e-05
8.242747582527508721e-01,3.807672451264120648e-06,2.880012519957532262e-04,-2.299646851561117700e+00,1.440006259978766131e-04,1.672331215094305043e-04,7.099205004702225893e-05
8.246082027342447329e-01,3.893126135718840952e-06,2.338138647091970198e-04,-2.317986072744810500e+00,1.169069323545985099e-04,1.699110581312083634e-04,7.104870595170089320e-05
8.249416472157384828e-01,3.960486196581898011e-06,1.788562812383603690e-04,-2.327131130076911525e+00,8.942814061918018449e-05,1.712543893531691419e-04,7.110580978276229364e-05
8.252750916972323436e-01,4.010135798705943084e-06,1.235821193597954953e-04,-2.327386486279348077e+00,6.179105967989774765e-05,1.712919749187144535e-04,7.116292614652312744e-05
8.256085361787262045e-01,4.042511686020970081e-06,6.821505701102542727e-05,-2.319068310015260703e+00,3.410752850551271363e-05,1.700697536544173983e-04,7.121963496734820195e-05
8.259419806602200653e-01,4.057077147360834219e-06,1.258470034561326271e-05,-2.301979545945952221e+00,6.292350172806631357e-06,1.675725663404071348e-04,7.127551111484417166e-05
8.262754251417138152e-01,4.053116854460514597e-06,-4.311555856093167503e-05,-2.275858188547418948e+00,-2.155777928046583752e-05,1.637911357253350416e-04,7.133012636516939623e-05
8.266088696232076760e-01,4.030192932515196944e-06,-9.867281188734457848e-05,-2.240580424798819692e+00,-4.933640594367228924e-05,1.587526833340862698e-04,7.138306157134947710e-05
8.269423141047015369e-01,3.988145555533087977e-06,-1.538632776262134280e-04,-2.196160324335808323e+00,-7.693163881310671401e-05,1.525204516648911263e-04,7.143391867427209020e-05
8.272757585861953977e-01,3.927092946335419635e-06,-2.084522995840527447e-04,-2.142749839450503124e+00,-1.042261497920263724e-04,1.451920851953488378e-04,7.148233217383705206e-05
8.276092030676891476e-01,3.847431376556473644e-06,-2.621943473812680015e-04,-2.080638805091516552e+00,-1.310971736906340007e-04,1.368968288832090707e-04,7.152797966596217147e-05
8.279426475491830084e-01,3.749835166643472673e-06,-3.148330164522264484e-04,-2.010254938863867302e+00,-1.574165082261132242e-04,1.277915905401993252e-04,7.157059106660911669e-05
8.282760920306768693e-01,3.635256685856737034e-06,-3.661010280451495059e-04,-1.932163841029107987e+00,-1.830505140225747529e-04,1.180559555412845731e-04,7.160995617349183624e-05
8.286095365121706191e-01,3.504798583216675196e-06,-4.157766834651287560e-04,-1.847001094508965435e+00,-2.078883417325643780e-04,1.078783525585691846e-04,7.164592761482513122e-05
8.289429809936644800e-01,3.358629603016470385e-06,-4.638993792396042229e-04,-1.754914193566823988e+00,-2.319496896198021115e-04,9.738941856921928201e-05,7.167840157900293456e-05
8.292764254751583408e-01,3.196812408607047493e-06,-5.102711954440561967e-04,-1.656010487336395665e+00,-2.551355977220280983e-04,8.672137708559423438e-05,7.170731834361967713e-05
8.296098699566522017e-01,3.019656519413013689e-06,-5.546689051563305538e-04,-1.550518542806960109e+00,-2.773344525781652769e-04,7.602456235485056859e-05,7.173266831439487003e-05
8.299433144381459515e-01,2.827670202482780146e-06,-5.968915948483312925e-04,-1.438760728693889268e+00,-2.984457974241656463e-04,6.546017323227555672e-05,7.175449564791681119e-05
8.302767589196398124e-01,2.621560472488299031e-06,-6.367606643860766399e-04,-1.321153215438496620e+00,-3.183803321930383200e-04,5.519584319393827155e-05,7.177290039723122376e-05
8.306102034011336732e-01,2.402233091725448065e-06,-6.741198270296139966e-04,-1.198205975208260110e+00,-3.370599135148069983e-04,4.540074317662327441e-05,7.178803902449919249e-05
8.309436478826275341e-01,2.170792570113780642e-06,-7.088351094330772907e-04,-1.070522781896675824e+00,-3.544175547165386454e-04,3.624030365817961381e-05,7.180012315376166744e-05
8.312770923641212839e-01,1.928542165196668135e-06,-7.407948516446622583e-04,-9.388012111233383639e-01,-3.703974258223311292e-04,2.787066186843689450e-05,7.180941647215728749e-05
8.316105368456151448e-01,1.676705502156694556e-06,-7.699730091113011999e-04,-8.036889169793490773e-01,-3.849865045556506000e-04,2.042565342731626144e-05,7.181622729357352102e-05
8.319439813271090056e-01,1.415866250724054815e-06,-7.963199807597491067e-04,-6.655096020247455169e-01,-3.981599903798745533e-04,1.400582358614114493e-05,7.182089745815709275e-05
8.322774258086028665e-01,1.146784985566525526e-06,-8.196263835659144386e-04,-5.246809846959777923e-01,-4.098131917829572193e-04,8.705438461937043096e-06,7.182380023857120200e-05
8.326108702900966163e-01,8.703356890470919901e-07,-8.397205131917264906e-04,-3.816699313011754358e-01,-4.198602565958632453e-04,4.606551103791673677e-06,7.182533626761548916e-05
8.329443147715904772e-01,5.874988852648620858e-07,-8.564719721564018539e-04,-2.369887758589898086e-01,-4.282359860782009270e-04,1.776051502073097746e-06,7.182592848218769758e-05
8.332777592530843380e-01,2.993616400556225578e-07,-8.697916698364040839e-04,-9.119532009888020596e-02,-4.348958349182020420e-04,2.629935540667987412e-07,7.182601617593697312e-05
8.336112037345780879e-01,7.117560991566271910e-09,-8.796318224654692871e-04,5.510716653902714146e-02,-4.398159112327346435e-04,9.603204178466651924e-08,7.182604819729135901e-05
8.339446482160719487e-01,-2.879332026190038227e-07,-8.859859531346103495e-04,2.012699469040876155e-01,-4.429929765673051747e-04,1.281025763076644689e-06,7.182647534826270468e-05
8.342780926975658096e-01,-5.843839597310929937e-07,-8.888888917920972042e-04,3.465988161348453334e-01,-4.444444458960486021e-04,3.798867533336076866e-06,7.182774205967760973e-05
8.346115371790596704e-01,-8.809120984113540915e-07,-8.884458573582380836e-04,4.904510705914799651e-01,-4.442229286791190418e-04,7.606613918637394016e-06,7.183027844311163442e-05
8.349449816605534203e-01,-1.176900555416731434e-06,-8.847537519254988119e-04,6.325412770605693957e-01,-4.423768759627494059e-04,1.265254067424654285e-05,7.183449736297634199e-05
8.352784261420472811e-01,-1.471112794743725652e-06,-8.776381008805789847e-04,7.722632882431683665e-01,-4.388190504402894924e-04,1.885952628006724177e-05,7.184078596793802085e-05
8.356118706235411420e-01,-1.762258452931011925e-06,-8.669641027378772492e-04,9.089911815321690680e-01,-4.334820513689386246e-04,2.612879250012642383e-05,7.184949846960528286e-05
8.359453151050350028e-01,-2.049095753474502932e-06,-8.526654076479136439e-04,1.042132135009346872e+00,-4.263327038239568220e-04,3.434358091001130336e-05,7.186095014713446644e-05
8.362787595865287527e-01,-2.330431506827157637e-06,-8.347441173973361040e-04,1.171126427445271956e+00,-4.173720586986680520e-04,4.337181160074655121e-05,7.187541223836511970e-05
8.366122040680226135e-01,-2.605121110399352715e-06,-8.132707854088957414e-04,1.295447438299478282e+00,-4.066353927044478707e-04,5.306883979654473786e-05,7.189310775013456377e-05
8.369456485495164744e-01,-2.872068548558321597e-06,-7.883844167414824069e-04,1.414601647720205690e+00,-3.941922083707412035e-04,6.328026937476990347e-05,7.191420820674502006e-05
8.372790930310103352e-01,-3.130226392628531620e-06,-7.602924680901025720e-04,1.528128636544575425e+00,-3.801462340450512860e-04,7.384478470189881642e-05,7.193883134269097831e-05
8.376125375125040851e-01,-3.378595800891506991e-06,-7.292708477858946166e-04,1.635601086298509532e+00,-3.646354238929473083e-04,8.459696462449223665e-05,7.196703973369613467e-05
8.379459819939979459e-01,-3.616278239141258359e-06,-6.956563464709455838e-04,1.736650012934749299e+00,-3.478281732354727919e-04,9.537281641693907963e-05,7.199884127301489861e-05
8.382794264754918068e-01,-3.843185350000204464e-06,-6.595592877981439235e-04,1.831298880604643076e+00,-3.297796438990719618e-04,1.060519015248410988e-04,7.203420369433027827e-05
8.386128709569855566e-01,-4.058118235141127893e-06,-6.208931697441587988e-04,1.919008878940827723e+00,-3.104465848720793994e-04,1.164538814487798153e-04,7.207303459844791233e-05
8.389463154384794175e-01,-4.259602041284149846e-06,-5.796503109277154541e-04,1.999111512452732109e+00,-2.898251554638577271e-04,1.263787455971925901e-04,7.211517489374542433e-05
8.392797599199732783e-01,-4.446398117010322953e-06,-5.358914147044224231e-04,2.071062678409854030e+00,-2.679457073522112116e-04,1.356395952173854776e-04,7.216040316824271471e-05
8.396132044014671392e-01,-4.617504012761919679e-06,-4.897455691667208962e-04,2.134442666841879443e+00,-2.448727845833604481e-04,1.440684844161500052e-04,7.220844200932845475e-05
8.399466488829608890e-01,-4.772153480842316288e-06,-4.414102471439130724e-04,2.188956160538633622e+00,-2.207051235719565362e-04,1.515214534483637387e-04,7.225896600180873469e-05
8.402800933644547499e-01,-4.909816475416185118e-06,-3.911513062020980291e-04,2.234432235050153537e+00,-1.955756531010490146e-04,1.578826387043250014e-04,7.231161109640838619e-05
8.406135378459486107e-01,-5.030199152509193035e-06,-3.393029886442675111e-04,2.270824358686576616e+00,-1.696514943221337556e-04,1.630673780786767127e-04,7.236598501374037567e-05
8.409469823274424716e-01,-5.133243870008208109e-06,-2.862679215102427216e-04,2.298210392518218015e+00,-1.431339607551213608e-04,1.670242646560488313e-04,7.242167833306551621e-05
8.412804268089362214e-01,-5.219129187661221690e-06,-2.325171165767077699e-04,2.316792590375545746e+00,-1.162585582883538849e-04,1.697361359006416541e-04,7.247827591089167447e-05
8.416138712904300823e-01,-5.288150004434875976e-06,-1.782403730355785294e-04,2.326813290092323516e+00,-8.912018651778926470e-05,1.712076126377208975e-04,7.253536414451545393e-05
8.419473157719239431e-01,-5.339675586803657286e-06,-1.232755487069991636e-04,2.328029366312606818e+00,-6.163777435349958181e-05,1.713866179013925841e-04,7.259251206645656463e-05
8.422807602534178040e-01,-5.372803605396025903e-06,-6.779573258304592669e-05,2.320084989102777051e+00,-3.389786629152296334e-05,1.702189034334644613e-04,7.264927062045238647e-05
8.426142047349115538e-01,-5.386918645586852186e-06,-1.199807913158712274e-05,2.302768104540202643e+00,-5.999039565793561372e-06,1.676873922261882101e-04,7.270518505600630167e-05
8.429476492164054147e-01,-5.381693436167811607e-06,4.389875273744681550e-05,2.276010867929044501e+00,2.194937636872340775e-05,1.638131128136071279e-04,7.275980763447032732e-05
8.432810936978992755e-01,-5.357088849347353411e-06,9.965459967195149137e-05,2.239889643800291097e+00,4.982729983597574568e-05,1.586548100945902749e-04,7.281271020535881719e-05
8.436145381793930254e-01,-5.313353900750748047e-06,1.550077938777047058e-04,2.194625005911755355e+00,7.750389693885235292e-05,1.523072745078532606e-04,7.286349622553482143e-05
8.439479826608868862e-01,-5.251025749420011784e-06,2.096751631184213724e-04,2.140581737248013816e+00,1.048375815592106862e-04,1.448984139361040831e-04,7.291181180203903706e-05
8.442814271423807471e-01,-5.170929697813995652e-06,2.633520307156429286e-04,2.078268830020499003e+00,1.316760153578214643e-04,1.365851387510606026e-04,7.295735536280963996e-05
8.446148716238746079e-01,-5.074117571506227276e-06,3.157457632760739979e-04,2.008306313426504897e+00,1.578728816380369989e-04,1.275439629907135198e-04,7.299988419341674976e-05
8.449483161053683578e-01,-4.960780287605574524e-06,3.669088071360835463e-04,1.930857706967008980e+00,1.834544035680417732e-04,1.178963988998797457e-04,7.303919609701791304e-05
8.452817605868622186e-01,-4.830782302241360287e-06,4.166872567713049056e-04,1.845934635004083280e+00,2.083436283856524528e-04,1.077538104774209852e-04,7.307512601048155043e-05
8.456152050683560795e-01,-4.684274077310381746e-06,4.648497343077041951e-04,1.753693538964374632e+00,2.324248671538520976e-04,9.725398459924093663e-05,7.310755481494943849e-05
8.459486495498499403e-01,-4.521618622186376091e-06,5.111833819508577841e-04,1.654392196166246443e+00,2.555916909754288920e-04,8.655196769122546884e-05,7.313641509093850854e-05
8.462820940313436902e-01,-4.343391493720117078e-06,5.554938619859206865e-04,1.548389719819841970e+00,2.777469309929603432e-04,7.581594603922637307e-05,7.316169549975452195e-05
8.466155385128375510e-01,-4.150380796239177018e-06,5.976053567776848374e-04,1.436146559026938663e+00,2.988026783888424187e-04,6.522251239934114420e-05,7.318344358658325759e-05
8.469489829943314119e-01,-3.943587181548275753e-06,6.373605687704908930e-04,1.318224498781161103e+00,3.186802843852454465e-04,5.495139946358525981e-05,7.320176682748474959e-05
8.472824274758252727e-01,-3.724223848929056192e-06,6.746207204882874280e-04,1.195286659967842002e+00,3.373103602441437140e-04,4.517978346724323238e-05,7.321683177695698813e-05
8.476158719573190226e-01,-3.493516295065849630e-06,7.093200748549847784e-04,1.067993417793609678e+00,3.546600374274923892e-04,3.606925333652524990e-05,7.322885887043366013e-05
8.479493164388128834e-01,-3.252004317805105498e-06,7.414200015597495214e-04,9.366552546924817868e-01,3.707100007798747607e-04,2.774339132814554237e-05,7.323810975116995005e-05
8.482827609203067443e-01,-3.000308087940692027e-06,7.707061385757967963e-04,8.016298422097042353e-01,3.853530692878983982e-04,2.032112524511648071e-05,7.324488571824067248e-05
8.486162054018004941e-01,-2.739191021771397885e-06,7.969921756333802915e-04,6.633396558388139352e-01,3.984960878166901458e-04,1.391463831752606984e-05,7.324952547759962793e-05
8.489496498832943550e-01,-2.469547306417139271e-06,8.201286268464113042e-04,5.222651282815752305e-01,4.100643134232056521e-04,8.625455874878702305e-06,7.325240158826147444e-05
8.492830943647882158e-01,-2.192401899819479572e-06,8.400028307124066985e-04,3.789446494482570094e-01,4.200014153562033493e-04,4.541000594420171172e-06,7.325391575985013752e-05
8.496165388462820767e-01,-1.908910530741283771e-06,8.565389501125246843e-04,2.339745664574479633e-01,4.282694750562623422e-04,1.731160373375809647e-06,7.325449300572322772e-05
8.499499833277758265e-01,-1.620359698766904797e-06,8.696979723115513729e-04,8.800918363615206630e-02,4.348489861557756865e-04,2.449378971955774355e-07,7.325457467891335710e-05
8.502834278092696874e-01,-1.328166674301792194e-06,8.794777089579177993e-04,-5.823923748040638060e-02,4.397388544789588996e-04,1.072584113982758334e-07,7.325461044363872618e-05
8.506168722907635482e-01,-1.033668565694539012e-06,8.859492303588808668e-04,-2.041081661047046691e-01,4.429746151794404334e-04,1.317409410165692475e-06,7.325504972653642188e-05
8.509503167722574091e-01,-7.375449705217675324e-07,8.891713350645763601e-04,-3.492684742161422662e-01,4.445856675322881800e-04,3.857614042492923236e-06,7.325633602665061479e-05
8.512837612537511589e-01,-4.409445341353974349e-07,8.889603250872066655e-04,-4.931470196217162538e-01,4.444801625436033327e-04,7.690468994074108890e-06,7.325890037109679365e-05
8.516172057352450198e-01,-1.450668539398811328e-07,8.851749404231190090e-04,-6.351527228563778049e-01,4.425874702115595045e-04,1.275722832416904687e-05,7.326315419848063724e-05
8.519506502167388806e-01,1.488974401271639921e-07,8.777359832592993233e-04,-7.747077101308718072e-01,4.388679916296496617e-04,1.897910622131334684e-05,7.326948267671383008e-05
8.522840946982327415e-01,4.397666855953538014e-07,8.666263179733738747e-04,-9.112473133319286545e-01,4.333131589866869374e-04,2.625865769201443439e-05,7.327823848121265457e-05
8.526175391797264913e-01,7.263681874613414178e-07,8.518908711336134910e-04,-1.044220070022173097e+00,4.259454355668067455e-04,3.448133503175849113e-05,7.328973609209353773e-05
8.529509836612203522e-01,1.007538218189198390e-06,8.336366314989131785e-04,-1.173087723440299879e+00,4.168183157494565892e-04,4.351720357196817157e-05,7.330424666347465422e-05
8.532844281427142130e-01,1.282122017709842945e-06,8.120326500188216126e-04,-1.297325222500808062e+00,4.060163250094108063e-04,5.322280058251288728e-05,7.332199351261854041e-05
8.536178726242080739e-01,1.548973793421420941e-06,7.873100398335222726e-04,-1.416420721794178439e+00,3.936550199167611363e-04,6.344312159549950680e-05,7.334314827140329897e-05
8.539513171057018237e-01,1.807183079361660581e-06,7.597416137987434695e-04,-1.529986923278725763e+00,3.798708068993717347e-04,7.402449237424836917e-05,7.336783132988087489e-05
8.542847615871956846e-01,2.056485522336069555e-06,7.293747860002632206e-04,-1.637948104053200904e+00,3.646873930001316103e-04,8.483992488593245385e-05,7.339612073464443645e-05
8.546182060686895454e-01,2.295416255494493881e-06,6.961181749407887621e-04,-1.739625652739754891e+00,3.480590874703943811e-04,9.569992697950120860e-05,7.342803134717511575e-05
8.549516505501832953e-01,2.522537653484138295e-06,6.599481103762831367e-04,-1.834361904655218423e+00,3.299740551881415684e-04,1.064069622865170282e-04,7.346351216154206989e-05
8.552850950316771561e-01,2.736613103474883912e-06,6.209126890395615670e-04,-1.921606872740394101e+00,3.104563445197807835e-04,1.167694102220771254e-04,7.350244827698790609e-05
8.556185395131710170e-01,2.936607005158834213e-06,5.791317746403636633e-04,-2.000918247559868579e+00,2.895658873201818317e-04,1.266072832201861436e-04,7.354466477689460999e-05
8.559519839946648778e-01,3.121684770750621252e-06,5.347969978653062612e-04,-2.071961397302138241e+00,2.673984989326531306e-04,1.357573399067570053e-04,7.358993231270880844e-05
8.562854284761586277e-01,3.291212824987275208e-06,4.881717563779107969e-04,-2.134509367779560574e+00,2.440858781889553985e-04,1.440774887837048047e-04,7.363797415625121664e-05
8.566188729576524885e-01,3.444758605128444194e-06,4.395912148185406954e-04,-2.188442882428431435e+00,2.197956074092703477e-04,1.514504026631440881e-04,7.368847445723926068e-05
8.569523174391463494e-01,3.582090560956054594e-06,3.894623048044943401e-04,-2.233750342308862713e+00,1.947311524022471701e-04,1.577862897560767001e-04,7.374108742481381865e-05
8.572857619206402102e-01,3.703177895175871500e-06,3.382487082158348586e-04,-2.270526654679510425e+00,1.691243541079174293e-04,1.630246247679474495e-04,7.379544708629029242e-05
8.576192064021339601e-01,3.807832156527483796e-06,2.859129303389921876e-04,-2.298755590097336654e+00,1.429564651694960938e-04,1.671035193893248051e-04,7.385116683266884966e-05
8.579526508836278209e-01,3.895141321168615095e-06,2.324427800832220528e-04,-2.318062717670343442e+00,1.162213900416110264e-04,1.699222946402215943e-04,7.390782648409940253e-05
8.582860953651216818e-01,3.964294320147204200e-06,1.780343488954738555e-04,-2.328138330270471013e+00,8.901717444773692774e-05,1.714026618581611285e-04,7.396497975580935893e-05
8.586195398466155426e-01,4.014734226343773544e-06,1.228999346563493765e-04,-2.328800459275304213e+00,6.144996732817468825e-05,1.715001705078641699e-04,7.402216554124045513e-05
8.589529843281092925e-01,4.046158254471379640e-06,6.726804168013860927e-05,-2.319994874568067633e+00,3.363402084006930463e-05,1.702056807287287172e-04,7.407891968619836356e-05
8.592864288096031533e-01,4.058517761075653309e-06,1.138338071474576281e-05,-2.301795084537607394e+00,5.691690357372881405e-06,1.675457116855253814e-04,7.413478687915785301e-05
8.596198732910970142e-01,4.052018244534731925e-06,-4.449313105820004114e-05,-2.274402336078411579e+00,-2.224656552910002057e-05,1.635816503881413922e-04,7.418933227775342538e-05
8.599533177725907640e-01,4.027119345059324630e-06,-1.000843700233998998e-04,-2.238145614590614230e+00,-5.004218501169994992e-05,1.584078417656871051e-04,7.424215249841554576e-05
8.602867622540846249e-01,3.984497255263099894e-06,-1.551317876743359418e-04,-2.193460298319743096e+00,-7.756589383716797092e-05,1.521456556742950376e-04,7.429288462768340233e-05
8.606202067355784857e-01,3.924303526432578178e-06,-2.096007237351928956e-04,-2.140502225695704475e+00,-1.048003618675964478e-04,1.448876496810942249e-04,7.434119661490617157e-05
8.609536512170723466e-01,3.846231430331734945e-06,-2.632916528641304028e-04,-2.079207990935511674e+00,-1.316458264320652014e-04,1.367086111388428262e-04,7.438678134686310770e-05
8.612870956985660964e-01,3.750191506160529687e-06,-3.159674141148986282e-04,-2.009622683397682241e+00,-1.579837070574493141e-04,1.277112184200631479e-04,7.442936594787012596e-05
8.616205401800599573e-01,3.636333687587179477e-06,-3.674004684275736796e-04,-1.931907464748282788e+00,-1.837002342137868398e-04,1.180246282406273065e-04,7.446872060883732351e-05
8.619539846615538181e-01,3.505047302748348702e-06,-4.173728986284527928e-04,-1.846339568961069766e+00,-2.086864493142263964e-04,1.078010905509743997e-04,7.450466628758055918e-05
8.622874291430476790e-01,3.356961074249028364e-06,-4.656764094301241272e-04,-1.753312302317397542e+00,-2.328382047150620636e-04,9.721170497387154419e-05,7.453708099414071021e-05
8.626208736245414288e-01,3.192943119162621208e-06,-5.121123274314351610e-04,-1.653335043406275684e+00,-2.560561637157175805e-04,8.644139002043490171e-05,7.456590439861567824e-05
8.629543181060352897e-01,3.014100949030718522e-06,-5.564916011175523227e-04,-1.547033243124233959e+00,-2.782458005587761614e-04,7.568316613930892135e-05,7.459114053270681410e-05
8.632877625875291505e-01,2.821569205523652928e-06,-5.987030942435122086e-04,-1.435037297913833942e+00,-2.993515471217561043e-04,6.512179725211687895e-05,7.461285503662549664e-05
8.636212070690230114e-01,2.615721510569024979e-06,-6.387026289130750449e-04,-1.317587948730233327e+00,-3.193513144565375225e-04,5.489834192949098941e-05,7.463116058578503700e-05
8.639546515505167612e-01,2.396982470568214504e-06,-6.762623348477725133e-04,-1.194959692225857184e+00,-3.381311674238862567e-04,4.515506920946605647e-05,7.464621729442440050e-05
8.642880960320106221e-01,2.165953178388148484e-06,-7.111762940673078265e-04,-1.067509154110344749e+00,-3.555881470336539132e-04,3.603655075780744840e-05,7.465823348340666979e-05
8.646215405135044829e-01,1.923400079751885789e-06,-7.432699038122792109e-04,-9.356688579822700635e-01,-3.716349519061396055e-04,2.768498866577167488e-05,7.466746489009748239e-05
8.649549849949982328e-01,1.670254973238417915e-06,-7.723998765442206729e-04,-7.999472253290267343e-01,-3.861999382721103364e-04,2.023590690254364473e-05,7.467421244158215855e-05
8.652884294764920936e-01,1.407615010282395602e-06,-7.984542399456276938e-04,-6.609285755266850471e-01,-3.992271199728138469e-04,1.381366941461027940e-05,7.467881853341764653e-05
8.656218739579859545e-01,1.136742695174636841e-06,-8.213523369198989007e-04,-5.192731258402643046e-01,-4.106761684599494503e-04,8.526910290526526162e-06,7.468166178459820313e-05
8.659553184394798153e-01,8.590658850617954782e-07,-8.410448255913752051e-04,-3.757169914235525265e-01,-4.205224127956876026e-04,4.463974160853713733e-06,7.468315027214767442e-05
8.662887629209735652e-01,5.758277799202609890e-07,-8.575739229916709777e-04,-2.308931409039942373e-01,-4.287869614958354889e-04,1.685862161568478209e-06,7.468371241358200097e-05
8.666222074024674260e-01,2.877283596629786958e-07,-8.709088143121594683e-04,-8.516183090996098937e-02,-4.354544071560797341e-04,2.293453713849598407e-07,7.468378888753045839e-05
8.669556518839612869e-01,-4.210350365157341246e-09,-8.808578389185769400e-04,6.095068236264533645e-02,-4.404289194592884700e-04,1.174781622520230136e-07,7.468382805997535504e-05
8.672890963654551477e-01,-2.989145009880129915e-07,-8.872794381690621637e-04,2.069005163483347287e-01,-4.436397190845310819e-04,1.353702244569130482e-06,7.468427944451839302e-05
8.676225408469488976e-01,-5.952654381738749307e-07,-8.900846799942489221e-04,3.521298336039018206e-01,-4.450423399971244610e-04,3.921079457245044883e-06,7.468558690682490508e-05
8.679559853284427584e-01,-8.920997030358464168e-07,-8.892372588972683942e-04,4.960668418086193743e-01,-4.446186294486341971e-04,7.781805963517916924e-06,7.468818170707950494e-05
8.682894298099366193e-01,-1.188209031831252885e-06,-8.847534959537434098e-04,6.381257937639464028e-01,-4.423767479768717049e-04,1.287693784122627030e-05,7.469247545094120000e-05
8.686228742914304801e-01,-1.482340355962038993e-06,-8.767023388117937618e-04,7.777069873937243472e-01,-4.383511694058968809e-04,1.912634573046371054e-05,7.469885302537616054e-05
8.689563187729242300e-01,-1.773195801974572112e-06,-8.652053616920388083e-04,9.141967657440828177e-01,-4.326026808460194041e-04,2.642891663259071792e-05,7.470766560177915226e-05
8.692897632544180908e-01,-2.059461326657175210e-06,-8.504381373000298710e-04,1.046981869444645774e+00,-4.252190686500149355e-04,3.466397175532772530e-05,7.471922411186762789e-05
8.696232077359119517e-01,-2.340623611880431748e-06,-8.325652255332083827e-04,1.175852443393569979e+00,-4.162826127666041914e-04,4.372256699814933145e-05,7.473380316054989859e-05
8.699566522174057015e-01,-2.615576269258376592e-06,-8.114985666940854447e-04,1.300292157874288090e+00,-4.057492833470427223e-04,5.346651614834308663e-05,7.475163127530427734e-05
8.702900966988995624e-01,-2.882870813136045208e-06,-7.871504942487825502e-04,1.419618254367116972e+00,-3.935752471243912751e-04,6.372988727451063095e-05,7.477288165452218398e-05
8.706235411803934232e-01,-3.141194761673448836e-06,-7.595029421338041382e-04,1.533223977985248343e+00,-3.797514710669020691e-04,7.433805691002286946e-05,7.479766926936380134e-05
8.709569856618872841e-01,-3.389371636845945490e-06,-7.286074447560099464e-04,1.640578577474915978e+00,-3.643037223780049732e-04,8.511264215572730937e-05,7.482604961019598819e-05
8.712904301433810339e-01,-3.626360964444067165e-06,-6.945851369926340927e-04,1.741227305215320875e+00,-3.472925684963170463e-04,9.587622765124213786e-05,7.485801900921273608e-05
8.716238746248748948e-01,-3.851258274073834085e-06,-6.576267541912379127e-04,1.834791417218764042e+00,-3.288133770956189563e-04,1.064567981206428839e-04,7.489351644106356841e-05
8.719573191063687556e-01,-4.063295099156278245e-06,-6.179926321697788065e-04,1.920968173130443990e+00,-3.089963160848894033e-04,1.166917999851926576e-04,7.493242667780420643e-05
8.722907635878626165e-01,-4.261838976927768253e-06,-5.760127072165649193e-04,1.999530836228594399e+00,-2.880063536082824597e-04,1.264317683228403369e-04,7.497458465323696055e-05
8.726242080693563663e-01,-4.446393540568012006e-06,-5.320864858896269013e-04,2.070328717189586776e+00,-2.660432429448134507e-04,1.355434739715946787e-04,7.501978087663529343e-05
8.729576525508502272e-01,-4.616957833669314257e-06,-4.863947222545297487e-04,2.133446049582954807e+00,-2.431973611272648743e-04,1.439339784678730558e-04,7.506777486745485944e-05
8.732910970323440880e-01,-4.772721426394417996e-06,-4.388421870793618191e-04,2.188547655801024838e+00,-2.194210935396809095e-04,1.514649046174245870e-04,7.511828000403953471e-05
8.736245415138379489e-01,-4.912327737087481237e-06,-3.894914809329394164e-04,2.235038609089617268e+00,-1.947457404664697082e-04,1.579683418392572344e-04,7.517095367587656445e-05
8.739579859953316987e-01,-5.034697922699741678e-06,-3.384575622842337294e-04,2.272466819913912861e+00,-1.692287811421168647e-04,1.633033529172983091e-04,7.522540627771628875e-05
8.742914304768255596e-01,-5.139030878789670012e-06,-2.859077475023019308e-04,2.300523035958499385e+00,-1.429538737511509654e-04,1.673605801804864412e-04,7.528121173959707402e-05
8.746248749583194204e-01,-5.224803239522725985e-06,-2.320617108563895257e-04,2.319040842127296109e+00,-1.160308554281947629e-04,1.700657249423228657e-04,7.533791921707034070e-05
8.749583194398131702e-01,-5.291769377671506624e-06,-1.771914845158809124e-04,2.327996660543605323e+00,-8.859574225794045622e-05,1.713818024193867594e-04,7.539506553331555561e-05
8.752917639213070311e-01,-5.339961404615790284e-06,-1.216214585502430035e-04,2.327509750550107448e+00,-6.081072927512150175e-05,1.713101195110543575e-04,7.545218794729055209e-05
8.756252084028008920e-01,-5.369689170342397732e-06,-6.572838092913489303e-05,2.317842208708843277e+00,-3.286419046456744652e-05,1.698899679854877173e-04,7.550883681957647892e-05
8.759586528842947528e-01,-5.381540263445290409e-06,-9.941357522334618758e-06,2.299398968801229515e+00,-4.970678761167309379e-06,1.671970707797566541e-04,7.556458776014991416e-05
8.762920973657885026e-01,-5.376007058128482031e-06,4.558163816521575645e-05,2.272518785947699627e+00,2.279081908260787822e-05,1.633108217388546757e-04,7.561904285242696531e-05
8.766255418472823635e-01,-5.352548287279819381e-06,1.009612544690552410e-04,2.237004108049206241e+00,5.048062723452762050e-05,1.582462995726495263e-04,7.567180920773627440e-05
8.769589863287762244e-01,-5.310665050043332397e-06,1.559798923296847983e-04,2.192700278024883431e+00,7.798994616484239916e-05,1.520402389015516594e-04,7.572250618636301191e-05
8.772924308102700852e-01,-5.250123602954974374e-06,2.104150034282972076e-04,2.139583158978297650e+00,1.052075017141486038e-04,1.447632556699590906e-04,7.577077669508922681e-05
8.776258752917638351e-01,-5.170954305076581801e-06,2.640417883510744862e-04,2.077758417818779790e+00,1.320208941755372431e-04,1.365180577655831389e-04,7.581629788807542011e-05
8.779593197732576959e-01,-5.073451617995765091e-06,3.166331965892594949e-04,2.007461525261337698e+00,1.583165982946297475e-04,1.274366835703478183e-04,7.585879094695181888e-05
8.782927642547515568e-01,-4.958174105826065284e-06,3.679599265390486691e-04,1.929057755826780296e+00,1.839799632695243345e-04,1.176766946238778564e-04,7.589802959137459545e-05
8.786262087362454176e-01,-4.825944435206854096e-06,4.177904255016637119e-04,1.843042187841638757e+00,2.088952127508318559e-04,1.074163900580200117e-04,7.593384699386141997e-05
8.789596532177391675e-01,-4.677849375303412693e-06,4.658908896833174689e-04,1.750039703438216687e+00,2.329454448416587344e-04,9.684914775785524775e-05,7.596614080771865881e-05
8.792930976992330283e-01,-4.514917616251379176e-06,5.121358934742166382e-04,1.650635917770149064e+00,2.560679467371083191e-04,8.615938338848549548e-05,7.599487017863846021e-05
8.796265421807268892e-01,-4.337273677253476387e-06,5.565043070506610302e-04,1.544953206651170863e+00,2.782521535253305151e-04,7.547978600382115226e-05,7.602003849674576980e-05
8.799599866622206390e-01,-4.145199372990872250e-06,5.987643239997906489e-04,1.433203151444744750e+00,2.993821619998953245e-04,6.495543699985460110e-05,7.604169752875639305e-05
8.802934311437144999e-01,-3.939171491423699794e-06,6.387031947083577407e-04,1.315689178008941695e+00,3.193515973541788703e-04,5.474022837822765285e-05,7.605995035582482271e-05
8.806268756252083607e-01,-3.719852033605110719e-06,6.761341119145889257e-04,1.192801188559232450e+00,3.380670559572944629e-04,4.499208571560286117e-05,7.607495271851759291e-05
8.809603201067022216e-01,-3.488088213681023831e-06,7.108962107082424445e-04,1.065015561668337885e+00,3.554481053541212222e-04,3.586839197843652842e-05,7.608691283588286751e-05
8.812937645881959714e-01,-3.244912458890272848e-06,7.428545685305833288e-04,9.328951522663128104e-01,3.714272842652916644e-04,2.752109266318021895e-05,7.609608959235608769e-05
8.816272090696898323e-01,-2.991542409564273936e-06,7.719002051744256864e-04,7.970892916403656825e-01,3.859501025872128432e-04,2.009157345196278295e-05,7.610278901664815725e-05
8.819606535511836931e-01,-2.729380635734822496e-06,7.979501909773056541e-04,6.583336385086386855e-01,3.989750954886528271e-04,1.370541192669798263e-05,7.610735901062172233e-05
8.822940980326775540e-01,-2.459524578122974705e-06,8.210337919879314925e-04,5.171990517611930738e-01,4.105168959939657462e-04,8.458930172767758490e-06,7.611017959420716950e-05
8.826275425141713038e-01,-2.182644631955447109e-06,8.410530979721298926e-04,3.740454656284316060e-01,4.205265489860649463e-04,4.424343001864692484e-06,7.611165486696537324e-05
8.829609869956651647e-01,-1.899647022204408628e-06,8.578096473271863871e-04,2.293521608818884783e-01,4.289048236635931936e-04,1.663434377182134433e-06,7.611220952997876823e-05
8.832944314771590255e-01,-1.611518477237183150e-06,8.711516614533962007e-04,8.363051458510772918e-02,4.355758307266981003e-04,2.211716908311431954e-07,7.611228327845853052e-05
8.836278759586528864e-01,-1.319326228815885082e-06,8.809740447540908128e-04,-6.257599990654683086e-02,4.404870223770454064e-04,1.238270697613456912e-07,7.611232456791161539e-05
8.839613204401466362e-01,-1.024218012097606132e-06,8.872183846356303683e-04,-2.086918129457954185e-01,4.436091923178151842e-04,1.377243792952826046e-06,7.611278380225403647e-05
8.842947649216404971e-01,-7.274220656340243951e-07,8.898729515074101830e-04,-3.541092585936365111e-01,4.449364757537050915e-04,3.965286432661267485e-06,7.611410600513255210e-05
8.846282094031343579e-01,-4.302471313719928358e-07,8.889726987818482749e-04,-4.981885746190566344e-01,4.444863493909241375e-04,7.848515612881131736e-06,7.611672304935159416e-05
8.849616538846281077e-01,-1.340824546532426102e-07,8.845992628743971822e-04,-6.402579024991752465e-01,4.422996314371985911e-04,1.296313055858656494e-05,7.612104553369923251e-05
8.852950983661219686e-01,1.598319700008158997e-07,8.768969534694670640e-04,-7.797288836218629893e-01,4.384484767347335320e-04,1.922592502271999531e-05,7.612745631229967086e-05
8.856285428476158295e-01,4.509265328835622968e-07,8.659381199760971069e-04,-9.163485002296067883e-01,4.329690599880485534e-04,2.655347392323352055e-05,7.613631042164386556e-05
8.859619873291096903e-01,7.378605067910129940e-07,8.515808938507055852e-04,-1.049470802080011644e+00,4.257904469253527926e-04,3.482897717336491520e-05,7.614792395187840028e-05
8.862954318106034401e-01,1.019282576540745231e-06,8.337340520152098852e-04,-1.178452043307356423e+00,4.168670260076049426e-04,4.391610628844456896e-05,7.616256753516898684e-05
8.866288762920973010e-01,1.293931516809948561e-06,8.123747433979921833e-04,-1.302701975063894846e+00,4.061873716989960917e-04,5.366487760423327603e-05,7.618046179245615483e-05
8.869623207735911619e-01,1.560636192134863455e-06,7.875484889339353332e-04,-1.421683845519600364e+00,3.937742444669676666e-04,6.391548035360621646e-05,7.620177405666209451e-05
8.872957652550850227e-01,1.818315556911159607e-06,7.593691815643995556e-04,-1.534914399862336243e+00,3.796845907821997778e-04,7.450206680394123003e-05,7.622661635969774866e-05
8.876292097365787725e-01,2.065978655393756784e-06,7.280190862372394600e-04,-1.641963880297780731e+00,3.640095431186197300e-04,8.525644089263782646e-05,7.625504464942519669e-05
8.879626542180726334e-01,2.302724621697155387e-06,6.937488399067611106e-04,-1.742456026049563844e+00,3.468744199533805553e-04,9.601158813343337929e-05,7.628705918364775233e-05
8.882960986995664943e-01,2.527742679794936906e-06,6.568774515337843676e-04,-1.836068073359057529e+00,3.284387257668921838e-04,1.066049959012435637e-04,7.632260603123069748e-05
8.886295431810603551e-01,2.740458975182377421e-06,6.177531677514149378e-04,-1.922601156790302301e+00,3.088765838757074689e-04,1.168902798970090944e-04,7.636158245000261276e-05
8.889629876625541050e-01,2.940746408678938688e-06,5.763857941167233392e-04,-2.002059569777154824e+00,2.881928970583616696e-04,1.267517578049380566e-04,7.640384712416231486e-05
8.892964321440479658e-01,3.127210367567754237e-06,5.327379852645496667e-04,-2.073816302786971377e+00,2.663689926322748334e-04,1.360005198745269713e-04,7.644919574699477101e-05
8.896298766255418267e-01,3.298496964857103164e-06,4.868544382012900303e-04,-2.137271967205122358e+00,2.434272191006450151e-04,1.444506761483312681e-04,7.649736202780448653e-05
8.899633211070355765e-01,3.453510466061785662e-06,4.388419137994110670e-04,-2.191961594748499831e+00,2.194209568997055335e-04,1.519378166367767484e-04,7.654802485429223504e-05
8.902967655885294374e-01,3.591413289203255154e-06,3.888692367973990921e-04,-2.237554637465561491e+00,1.944346183986995461e-04,1.583241983683702028e-04,7.660081718452510437e-05
8.906302100700232982e-01,3.711626004809307007e-06,3.371672957998553461e-04,-2.273854967736220090e+00,1.685836478999276731e-04,1.635029232070463136e-04,7.665533633197659598e-05
8.909636545515171591e-01,3.813827335914292836e-06,2.840290432774336530e-04,-2.300800878271920702e+00,1.420145216387168265e-04,1.674010080814653390e-04,7.671115527431786286e-05
8.912970990330109089e-01,3.897954158059037914e-06,2.298094955668733260e-04,-2.318465082115614528e+00,1.149047477834366630e-04,1.699812892680382177e-04,7.676783459718150441e-05
8.916305435145047698e-01,3.964201499290951290e-06,1.749257328709270679e-04,-2.327054712641781542e+00,8.746286643546353394e-05,1.712431423665683363e-04,7.682493467799730738e-05
8.919639879959986306e-01,4.013018194476124086e-06,1.198361489167189991e-04,-2.326907698451903261e+00,5.991807445835949954e-05,1.712215061098218774e-04,7.688202754432268493e-05
8.922974324774924915e-01,4.044527117378228154e-06,6.447607256956234937e-05,-2.318163665653025340e+00,3.223803628478117469e-05,1.699370946594149596e-04,7.693869213073796390e-05
8.926308769589862413e-01,4.057951071865624484e-06,8.854776174649570597e-06,-2.300517932448030933e+00,4.427388087324785298e-06,1.673598376314989198e-04,7.699449734501989206e-05
8.929643214404801022e-01,4.052652465672225687e-06,-4.682565680028078848e-05,-2.273747541175843878e+00,-2.341282840014039424e-05,1.634874744277805376e-04,7.704901134116120555e-05
8.932977659219739630e-01,4.028273088974695037e-06,-1.023506918060897576e-04,-2.237768278864842753e+00,-5.117534590304487880e-05,1.583544333557061735e-04,7.710181375308374906e-05
8.936312104034678239e-01,3.984734114392471044e-06,-1.574933432123116301e-04,-2.192634677232840001e+00,-7.874667160615581507e-05,1.520311416154384058e-04,7.715250769827062714e-05
8.939646548849615737e-01,3.922236096987784387e-06,-2.120141743071179540e-04,-2.138540012687107694e+00,-1.060070871535589770e-04,1.446221324417243208e-04,7.720073115023518364e-05
8.942980993664554346e-01,3.841258974265568133e-06,-2.656612972973896041e-04,-2.075816306324300253e+00,-1.328306486486948020e-04,1.362629661486595338e-04,7.724616728432944022e-05
8.946315438479492954e-01,3.742562066173582250e-06,-3.181703733086079281e-04,-2.004934323930565476e+00,-1.590851866543039640e-04,1.271160244372999287e-04,7.728855342118749424e-05
8.949649883294430452e-01,3.627184075102378878e-06,-3.692646123849104749e-04,-1.926503575981499683e+00,-1.846323061924552375e-04,1.173652799378751389e-04,7.732768822610175939e-05
8.952984328109369061e-01,3.495996693538307476e-06,-4.188232858640389541e-04,-1.841037087377426218e+00,-2.094116429320194771e-04,1.071827942179714641e-04,7.736342773734483603e-05
8.956318772924307670e-01,3.348918268771449250e-06,-4.668401372544228297e-04,-1.748560020837414131e+00,-2.334200686272114148e-04,9.668544242595509760e-05,7.739566696456255863e-05
8.959653217739246278e-01,3.186103174092313199e-06,-5.130808115112220043e-04,-1.649227742778769379e+00,-2.565404057556110022e-04,8.601243912928023658e-05,7.742434733773003916e-05
8.962987662554183776e-01,3.007911278851453688e-06,-5.573293378440922910e-04,-1.543293126526633197e+00,-2.786646689220461455e-04,7.531766436529584738e-05,7.744946159727164657e-05
8.966322107369122385e-01,2.814903499501104719e-06,-5.993912059629725965e-04,-1.431104110466451029e+00,-2.996956029814862982e-04,6.476531143330787449e-05,7.747105723296132142e-05
8.969656552184060994e-01,2.607841799595536529e-06,-6.390933660779968837e-04,-1.313103698044183476e+00,-3.195466830389984418e-04,5.452529812722077665e-05,7.748923839272364180e-05
8.972990996998999602e-01,2.387689189790824355e-06,-6.762842288995534780e-04,-1.189829957766168178e+00,-3.381421144497767390e-04,4.476821710597231498e-05,7.750416610766395510e-05
8.976325441813937100e-01,2.155609727844981837e-06,-7.108336656382589379e-04,-1.061916023199196646e+00,-3.554168328191294689e-04,3.565991862546164719e-05,7.751605671074012936e-05
8.979659886628875709e-01,1.912956915651230936e-06,-7.426374986895589248e-04,-9.300839799901383653e-01,-3.713187493447794624e-04,2.735547927148924364e-05,7.752517824434182654e-05
8.982994331443814318e-01,1.660659204859487581e-06,-7.717134274339370291e-04,-7.948304137739068409e-01,-3.858567137169685145e-04,1.997785945925954464e-05,7.753183975133057931e-05
8.986328776258752926e-01,1.399315124017533695e-06,-7.979133403919264804e-04,-6.564925912565221511e-01,-3.989566701959632402e-04,1.362886402428542301e-05,7.753638422082850421e-05
8.989663221073690424e-01,1.129712113390376268e-06,-8.210372501473707464e-04,-5.155007063259194888e-01,-4.105186250736853732e-04,8.403467588243729330e-06,7.753918631072122237e-05
8.992997665888629033e-01,8.527487121237146635e-07,-8.409256827980559051e-04,-3.723327586854260352e-01,-4.204628413990279525e-04,4.383918747442250299e-06,7.754064810423486368e-05
8.996332110703567642e-01,5.694345582444782738e-07,-8.574596779556641329e-04,-2.275145538540426227e-01,-4.287298389778320664e-04,1.636885744329227845e-06,7.754119391475315995e-05
8.999666555518505140e-01,2.808903886605671148e-07,-8.705607887458021105e-04,-8.161970316630595690e-02,-4.352803943729010553e-04,2.106638524778112115e-07,7.754126415945221482e-05
9.003001000333443749e-01,-1.165196083944654087e-08,-8.801910818080087209e-04,6.473037622786004253e-02,-4.400955409040043604e-04,1.325001172217497874e-07,7.754130834088508685e-05
9.006335445148382357e-01,-3.068495555857385811e-07,-8.863531372957296787e-04,2.108664613628522533e-01,-4.431765686478648394e-04,1.406096153027994537e-06,7.754177719588777409e-05
9.009669889963320966e-01,-6.032483620276199371e-07,-8.890900488763349863e-04,3.560715234575825283e-01,-4.445450244381674932e-04,4.009354757629120371e-06,7.754311409310605597e-05
9.013004334778258464e-01,-8.998411901645392917e-07,-8.885486645101214800e-04,4.998633076847217582e-01,-4.442743322550607400e-04,7.901372150736647027e-06,7.754574876204595396e-05
9.016338779593197073e-01,-1.195830286526803261e-06,-8.846915143114080816e-04,6.418584288748814259e-01,-4.423457571557040408e-04,1.302802242532348438e-05,7.755009288422845385e-05
9.019673224408135681e-01,-1.489913032411236368e-06,-8.773398413097229344e-04,7.814176662842582388e-01,-4.386699206548614672e-04,1.930929648817186796e-05,7.755653146258395742e-05
9.023007669223074290e-01,-1.780828003626144967e-06,-8.663825587582406991e-04,9.179312107971711043e-01,-4.331912793791203495e-04,2.664527907744494037e-05,7.756541618385019341e-05
9.026342114038011788e-01,-2.067355634464491371e-06,-8.517764080904642512e-04,1.050819006116302523e+00,-4.258882040452321256e-04,3.491852083464607555e-05,7.757705957192442597e-05
9.029676558852950397e-01,-2.348318217704271411e-06,-8.335459589202040814e-04,1.179530748762875669e+00,-4.167729794601020407e-04,4.399654099959802880e-05,7.759172997572556026e-05
9.033011003667889005e-01,-2.622579904607943119e-06,-8.117836090416072434e-04,1.303545888076387271e+00,-4.058918045208036217e-04,5.373443020909111347e-05,7.760964742494500315e-05
9.036345448482827614e-01,-2.889046704922808310e-06,-7.866495844291393567e-04,1.422373626214787468e+00,-3.933247922145696783e-04,6.397751715589956672e-05,7.763098037498030791e-05
9.039679893297765112e-01,-3.146666486880835554e-06,-7.583719392375988088e-04,1.535552918154396984e+00,-3.791859696187994044e-04,7.456406482430559101e-05,7.765584335091372256e-05
9.043014338112703721e-01,-3.394428977198998146e-06,-7.272465558020776164e-04,1.642652471690055460e+00,-3.636232779010388082e-04,8.532796397789351253e-05,7.768429548961926082e-05
9.046348782927642329e-01,-3.631692652076057545e-06,-6.935728278406412452e-04,1.743429163275942884e+00,-3.467864139203206226e-04,9.611886032800832783e-05,7.771634579316310501e-05
9.049683227742579827e-01,-3.858154884908099784e-06,-6.573217824297286366e-04,1.837790975678495364e+00,-3.286608912148643183e-04,1.068051585990547790e-04,7.775195938389304294e-05
9.053017672557518436e-01,-4.072288345794379186e-06,-6.184353489785199883e-04,1.925037473320059256e+00,-3.092176744892599942e-04,1.171867138791715012e-04,7.779103464694044198e-05
9.056352117372457045e-01,-4.272707690970713655e-06,-5.769295018475392245e-04,2.004546203579583796e+00,-2.884647509237696123e-04,1.270668143059698282e-04,7.783340437495177538e-05
9.059686562187395653e-01,-4.458259216512781485e-06,-5.328893549812773779e-04,2.075816978499423371e+00,-2.664446774906386890e-04,1.362630543959582709e-04,7.787884053847160418e-05
9.063021007002333151e-01,-4.628020858335987955e-06,-4.864691619082208872e-04,2.138471874785283333e+00,-2.432345809541104436e-04,1.446129167229479495e-04,7.792706091750559237e-05
9.066355451817271760e-01,-4.781302192195686399e-06,-4.378923157407881169e-04,2.192255233806301717e+00,-2.189461578703940584e-04,1.519785270814967895e-04,7.797773731866647828e-05
9.069689896632210369e-01,-4.917644433686839398e-06,-3.874513491754229787e-04,2.237033661594924450e+00,-1.937256745877114893e-04,1.582504808525363345e-04,7.803050506820048888e-05
9.073024341447148977e-01,-5.036820438244250865e-06,-3.355079344925328603e-04,2.272796028846990168e+00,-1.677539672462664301e-04,1.633506713786669754e-04,7.808497344812001073e-05
9.076358786262086475e-01,-5.138834701142473719e-06,-2.824928835565226155e-04,2.299653470921701359e+00,-1.412464417782613077e-04,1.672340842467527405e-04,7.814073673062977036e-05
9.079693231077025084e-01,-5.223903892982096806e-06,-2.288633543847166886e-04,2.317826703293821122e+00,-1.144316771923583443e-04,1.698876950044876037e-04,7.819738484500271839e-05
9.083027675891963693e-01,-5.291770885041181939e-06,-1.744934831693061440e-04,2.327261104296406202e+00,-8.724674158465307199e-05,1.712735195834302340e-04,7.825449505493384131e-05
9.086362120706902301e-01,-5.341603990164260965e-06,-1.194380983467266540e-04,2.327627939235601850e+00,-5.971904917336332702e-05,1.713275178758874183e-04,7.831162327029759899e-05
9.089696565521839799e-01,-5.372786360897801675e-06,-6.391298164143773995e-05,2.318716118544946081e+00,-3.195649082071886997e-05,1.700181013868929379e-04,7.836831486795910434e-05
9.093031010336778408e-01,-5.384953419585874706e-06,-8.142105507762917608e-06,2.300440244340528295e+00,-4.071052753881458804e-06,1.673485343946593538e-04,7.842411631323908982e-05
9.096365455151717017e-01,-5.377992858370090018e-06,4.764236686999903615e-05,2.272840610421007046e+00,2.382118343499951807e-05,1.633570797860892630e-04,7.847858683000671031e-05
9.099699899966654515e-01,-5.352044639189657029e-06,1.032000815776301368e-04,2.236083202267615366e+00,5.160004078881506840e-05,1.581160361230632557e-04,7.853130974968762078e-05
9.103034344781593123e-01,-5.307500993781330410e-06,1.582824939710480256e-04,2.190459697044109255e+00,7.914124698552401282e-05,1.517296771504590203e-04,7.858190317321228353e-05
9.106368789596531732e-01,-5.245006423679460900e-06,2.126328686761954083e-04,2.136387463596843173e+00,1.063164343380977042e-04,1.443311399281342491e-04,7.863002959532903340e-05
9.109703234411470341e-01,-5.165311901539018087e-06,2.660613742509735811e-04,2.074331114667020248e+00,1.330306871254867906e-04,1.360680508063486427e-04,7.867540073597802618e-05
9.113037679226407839e-01,-5.068442646755004880e-06,3.185157937632480648e-04,2.004380393221661727e+00,1.592578968816240324e-04,1.270457939647685517e-04,7.871776345487258898e-05
9.116372124041346447e-01,-4.954309897184862348e-06,3.697619377431185343e-04,1.926578281801892167e+00,1.848809688715592672e-04,1.173743824795289156e-04,7.875690129497913664e-05
9.119706568856285056e-01,-4.823049621631247632e-06,4.195687799318204535e-04,1.841076599721889639e+00,2.097843899659102267e-04,1.071873949823569231e-04,7.879264234032169376e-05
9.123041013671223665e-01,-4.675018428155043940e-06,4.677210047763235862e-04,1.748133036868287915e+00,2.338605023881617931e-04,9.663822861233582740e-05,7.882486582435382547e-05
9.126375458486161163e-01,-4.510793564075447791e-06,5.140190074293000131e-04,1.648111153700233533e+00,2.570095037146500065e-04,8.589601125685098002e-05,7.885350737528975726e-05
9.129709903301099772e-01,-4.331172915969744553e-06,5.582788937491844124e-04,1.541480381249250353e+00,2.791394468745922062e-04,7.514083268860750789e-05,7.887856267128461876e-05
9.133044348116038380e-01,-4.137175009673635396e-06,6.003324803000819037e-04,1.428816021119439394e+00,3.001662401500409518e-04,6.455837980080734149e-05,7.890008930676338029e-05
9.136378792930976989e-01,-3.930032785841407257e-06,6.400304798147361026e-04,1.310795905922806259e+00,3.200152399073680513e-04,5.433380909671618302e-05,7.891820661556522528e-05
9.139713237745914487e-01,-3.710643826166409835e-06,6.773543505077110919e-04,1.187917024793494258e+00,3.386771752538555460e-04,4.462438183619489698e-05,7.893308636942857482e-05
9.143047682560853096e-01,-3.479442458908169830e-06,7.121513596115298505e-04,1.060448983510710264e+00,3.560756798057649252e-04,3.556145814751196011e-05,7.894494414140173274e-05
9.146382127375791704e-01,-3.237035128490471929e-06,7.442048277063457833e-04,9.287471247007271780e-01,3.721024138531728916e-04,2.727689704495902634e-05,7.895403947219365121e-05
9.149716572190729202e-01,-2.984176182713383799e-06,7.733324782936408601e-04,7.932335815263369394e-01,3.866662391468204301e-04,1.989766815187241796e-05,7.896067423983349617e-05
9.153051017005667811e-01,-2.721767872752987153e-06,7.993864377962510946e-04,6.543972776867102992e-01,3.996932188981255473e-04,1.354200494275937566e-05,7.896518974665001967e-05
9.156385461820606420e-01,-2.450860353161882582e-06,8.222532355583075632e-04,5.127939274176663842e-01,4.111266177791537816e-04,8.315449819875508100e-06,7.896796248750358833e-05
9.159719906635545028e-01,-2.172651681868859212e-06,8.418538038452771715e-04,3.690460354914940622e-01,4.209269019226385858e-04,4.306863310185647073e-06,7.896939858730692738e-05
9.163054351450482526e-01,-1.888487820179065807e-06,8.581434778439467163e-04,2.238428972170449782e-01,4.290717389219733582e-04,1.584479543515246801e-06,7.896992692326674807e-05
9.166388796265421135e-01,-1.599850741295863589e-06,8.711150937664981437e-04,7.793445881635439887e-02,4.355575468832490718e-04,1.920697839883748261e-07,7.896999096787628888e-05
9.169723241080359744e-01,-1.307680564405956212e-06,8.808714567474972218e-04,-6.821238934481677063e-02,4.404357283737486109e-04,1.471385678347144900e-07,7.897004003041974553e-05
9.173057685895298352e-01,-1.012854142379784755e-06,8.872975530375056550e-04,-2.141544624027619248e-01,4.436487765187528275e-04,1.450288010590884923e-06,7.897052362095345189e-05
9.176392130710235850e-01,-7.165054584913423620e-07,8.902204285337641902e-04,-3.593215184275365681e-01,4.451102142668820951e-04,4.082878465460107059e-06,7.897188503424636965e-05
9.179726575525174459e-01,-4.197846716602361040e-07,8.895249159323972456e-04,-5.031438555806468926e-01,4.447624579661986228e-04,8.005424147197731446e-06,7.897455439875026217e-05
9.183061020340113068e-01,-1.238581164522769417e-07,8.851536347284061877e-04,-6.450523121147607730e-01,4.425768173642030939e-04,1.315799971032409012e-05,7.897894186114117799e-05
9.186395465155051676e-01,1.700916969209124524e-07,8.771069912156749700e-04,-7.844782663738993911e-01,4.385534956078374850e-04,1.946085121381246918e-05,7.898543097458359311e-05
9.189729909969989174e-01,4.608660826017035111e-07,8.654431784869728427e-04,-9.208536367933466416e-01,4.327215892434864214e-04,2.681521079178042673e-05,7.899437235864220717e-05
9.193064354784927783e-01,7.472501790868507732e-07,8.502781764339376568e-04,-1.053610881899827767e+00,4.251390882169688284e-04,3.510431435039212635e-05,7.900607769853897728e-05
9.196398799599866392e-01,1.028012949226905736e-06,8.317857517470993904e-04,-1.182183000311236354e+00,4.158928758735496952e-04,4.419462161176770584e-05,7.902081415122712011e-05
9.199733244414803890e-01,1.301969676285961811e-06,8.101968864586207072e-04,-1.306034610750635983e+00,4.050984432293103536e-04,5.393980503241899529e-05,7.903880008154803556e-05
9.203067689229742498e-01,1.568787912705838170e-06,7.856571690109054665e-04,-1.425054166756874796e+00,3.928285845054527332e-04,6.421888260384444854e-05,7.906021351356000068e-05
9.206402134044681107e-01,1.827242376807928651e-06,7.580728477105292025e-04,-1.538674653653476554e+00,3.790364238552646012e-04,7.486754625049543894e-05,7.908517768370021091e-05
9.209736578859619716e-01,2.075858102553157995e-06,7.273835788777932056e-04,-1.646210365474680692e+00,3.636917894388966028e-04,8.569799551542175552e-05,7.911375320737990262e-05
9.213071023674557214e-01,2.313332633199716444e-06,6.936002924386252362e-04,-1.747069455586898190e+00,3.468001462193126181e-04,9.652067309238683069e-05,7.914593749317262630e-05
9.216405468489495822e-01,2.538536021303373358e-06,6.568051919245332295e-04,-1.840753936688843684e+00,3.284025959622666148e-04,1.071498274207539968e-04,7.918166601181908591e-05
9.219739913304434431e-01,2.750510828716999060e-06,6.171517544726728413e-04,-1.926859680811332520e+00,3.085758772363364206e-04,1.174086727519890977e-04,7.922081528582775782e-05
9.223074358119373040e-01,2.948472126590889463e-06,5.748647308258035375e-04,-2.005076419317419756e+00,2.874323654129017688e-04,1.271340432227794335e-04,7.926320743095038998e-05
9.226408802934310538e-01,3.131807495372623349e-06,5.302401453323142902e-04,-2.075187742902341537e+00,2.651200726661571451e-04,1.361804569704614580e-04,7.930861605281450870e-05
9.229743247749249146e-01,3.300077024807301224e-06,4.836452959461638376e-04,-2.137071101593606137e+00,2.418226479730819188e-04,1.444235258273724712e-04,7.935677328049953281e-05
9.233077692564187755e-01,3.453013315359969874e-06,4.355187515689763517e-04,-2.190697805275767962e+00,2.177593757844881758e-04,1.517626657042041652e-04,7.940737770387538551e-05
9.236412137379126364e-01,3.590465518403462370e-06,3.859817393723203975e-04,-2.236078121092042625e+00,1.929908696861601988e-04,1.581153175322462512e-04,7.946010038394616575e-05
9.239746582194063862e-01,3.711582032478173186e-06,3.349306329381551684e-04,-2.272859263237711147e+00,1.674653164690775842e-04,1.633597610846862600e-04,7.951457179477800072e-05
9.243081027009002471e-01,3.815365620193126203e-06,2.825323801572615168e-04,-2.300635184270825473e+00,1.412661900786307584e-04,1.673768979167701305e-04,7.957038269771790184e-05
9.246415471823941079e-01,3.901071020493567924e-06,2.289775090425897643e-04,-2.319127501453800644e+00,1.144887545212948821e-04,1.700784354183804083e-04,7.962709441342926558e-05
9.249749916638878577e-01,3.968204948661112736e-06,1.744801277292111832e-04,-2.328185496753464090e+00,8.724006386460559162e-05,1.714096069288411673e-04,7.968425000093472656e-05
9.253084361453817186e-01,4.016526096313786115e-06,1.192779244742611308e-04,-2.327786116841052522e+00,5.963896223713056541e-05,1.713508043272021634e-04,7.974138598103715182e-05
9.256418806268755795e-01,4.046045131405889099e-06,6.363216765704855305e-05,-2.318033973092191502e+00,3.181608382852427652e-05,1.699180805054121733e-04,7.979804422728770943e-05
9.259753251083694403e-01,4.057024698228093151e-06,7.827705778983343448e-06,-2.299161341586912766e+00,3.913852889491671724e-06,1.671625152095678488e-04,7.985378364549697294e-05
9.263087695898631901e-01,4.049978953036013690e-06,-4.782902670016304166e-05,-2.271527784644928438e+00,-2.391451335008152083e-05,1.631684194404091294e-04,7.990819125451344162e-05
9.266422140713570510e-01,4.025297279147283997e-06,-1.032414600410802997e-04,-2.235415071025316891e+00,-5.162073002054014985e-05,1.580215615696772043e-04,7.996088267217589681e-05
9.269756585528509119e-01,3.982571346325089364e-06,-1.583039588580872144e-04,-2.190705924799221993e+00,-7.915197942904360720e-05,1.517637906816467197e-04,8.001148747066927553e-05
9.273091030343447727e-01,3.921464937785987950e-06,-2.127838806650820906e-04,-2.137326064133849624e+00,-1.063919403325410453e-04,1.444579886822036955e-04,8.005965618980305629e-05
9.276425475158385225e-01,3.841895192082566165e-06,-2.664514503485549031e-04,-2.075325101036200603e+00,-1.332257251742774515e-04,1.361984853272367858e-04,8.010507082312323776e-05
9.279759919973323834e-01,3.744032603103327711e-06,-3.190797601676585824e-04,-2.004876541352985431e+00,-1.595398800838292912e-04,1.271086975282709457e-04,8.014745451686391454e-05
9.283094364788262443e-01,3.628301020072849861e-06,-3.704447697541018145e-04,-1.926277784770745960e+00,-1.852223848770509073e-04,1.173377705202433040e-04,8.018658014891467468e-05
9.286428809603201051e-01,3.495377647551687319e-06,-4.203253061122208425e-04,-1.839950124815778798e+00,-2.101626530561104213e-04,1.070562684754677548e-04,8.022227747084713964e-05
9.289763254418138549e-01,3.346193045436445065e-06,-4.685030636189453407e-04,-1.746438748854184597e+00,-2.342515318094726704e-04,9.645099612590521789e-05,8.025443852323990463e-05
9.293097699233077158e-01,3.181915482912725034e-06,-5.147705000962606329e-04,-1.646404348549818319e+00,-2.573852500481303165e-04,8.571819334736785543e-05,8.028302078177521658e-05
9.296432144048015767e-01,3.003217139395485102e-06,-5.591060262135373864e-04,-1.540243185731225095e+00,-2.795530131067686932e-04,7.502026469949999994e-05,8.030803587503946141e-05
9.299766588862953265e-01,2.810294647082634598e-06,-6.013498983127088787e-04,-1.428119146278535201e+00,-3.006749491563544393e-04,6.449542118508135762e-05,8.032954151731525158e-05
9.303101033677891873e-01,2.603566093458271164e-06,-6.412731613827865130e-04,-1.310307360348493821e+00,-3.206365806913932565e-04,5.429331523317338975e-05,8.034764532366175786e-05
9.306435478492830482e-01,2.383629878686821428e-06,-6.786749172035996249e-04,-1.187166748053286147e+00,-3.393374586017998125e-04,4.456803099346979169e-05,8.036250628764758945e-05
9.309769923307769091e-01,2.151264715612786898e-06,-7.133823243458533789e-04,-1.059140019460389937e+00,-3.566911621729266894e-04,3.547372183512895253e-05,8.037433480443156094e-05
9.313104368122706589e-01,1.907429629760890496e-06,-7.452505981711040478e-04,-9.267536745926567843e-01,-3.726252990855520239e-04,2.715992919246883338e-05,8.038339113293854364e-05
9.316438812937645197e-01,1.653263959335746427e-06,-7.741630108318002133e-04,-7.906180034281340419e-01,-3.870815054159001067e-04,1.976666487001036920e-05,8.038998221825698379e-05
9.319773257752583806e-01,1.390087355222349976e-06,-8.000308912712191228e-04,-6.514270859003297165e-01,-4.000154456356095614e-04,1.341935446054411722e-05,8.039445682794705585e-05
9.323107702567522415e-01,1.119329446061613078e-06,-8.228123453196536452e-04,-5.099223650640756222e-01,-4.114061726598268226e-04,8.222580251814297974e-06,8.039719860195566436e-05
9.326442147382459913e-01,8.417906977475340612e-07,-8.425504548966111177e-04,-3.665197626931213093e-01,-4.212752274483055588e-04,4.248100605987554449e-06,8.039861510765956203e-05
9.329776592197398521e-01,5.583013925149326998e-07,-8.590690014951452187e-04,-2.216588019064396620e-01,-4.295345007475726094e-04,1.553710007235168990e-06,8.039913318368731862e-05
9.333111037012337130e-01,2.698417205779859335e-07,-8.721938466515059048e-04,-7.584872203961195991e-02,-4.360969233257529524e-04,1.819267393090330271e-07,8.039919384615458269e-05
9.336445481827275739e-01,-2.253897908096220575e-08,-8.817997772884077429e-04,7.037494631572105419e-02,-4.408998886442038715e-04,1.566160091292208423e-07,8.039924606889853418e-05
9.339779926642213237e-01,-3.177222187112108579e-07,-8.878105057150222123e-04,2.164503813117639730e-01,-4.439052528575111061e-04,1.481551356483775533e-06,8.039974008402241384e-05
9.343114371457151845e-01,-6.145203617940962060e-07,-8.901986696269842099e-04,3.617894698447603474e-01,-4.450993348134921050e-04,4.139156473805126924e-06,8.040112026290663957e-05
9.346448816272090454e-01,-9.116766230424013052e-07,-8.889858321063799076e-04,5.057778075547016972e-01,-4.444929160531899538e-04,8.089460133023862953e-06,8.040381764874625858e-05
9.349783261087027952e-01,-1.207865068400652333e-06,-8.842424816217581357e-04,6.477746988254746707e-01,-4.421212408108790679e-04,1.326929844661684902e-05,8.040824222308657937e-05
9.353117705901966561e-01,-1.501690615045411027e-06,-8.760880320281205173e-04,7.871131567850009336e-01,-4.380440160140602586e-04,1.959180022006862379e-05,8.041477500075249005e-05
9.356452150716905170e-01,-1.792260411226575852e-06,-8.646970944399532451e-04,9.233852380926629300e-01,-4.323485472199766226e-04,2.696285366295266776e-05,8.042376561551172918e-05
9.359786595531843778e-01,-2.078793544972830667e-06,-8.500424108650342326e-04,1.056231603468258395e+00,-4.250212054325171163e-04,3.527916647603061861e-05,8.043552925888485818e-05
9.363121040346781276e-01,-2.359858419602199442e-06,-8.320009118565050744e-04,1.184967031002899907e+00,-4.160004559282525372e-04,4.440302261405667243e-05,8.045033520173716646e-05
9.366455485161719885e-01,-2.634125828615637096e-06,-8.105174464754373153e-04,1.308965774894823575e+00,-4.052587232377186576e-04,5.418219346857651756e-05,8.046840195514449177e-05
9.369789929976658494e-01,-2.900371494905950379e-06,-7.856050759462603322e-04,1.427662849505967557e+00,-3.928025379731301661e-04,6.445421404744615271e-05,8.048989385712763261e-05
9.373124374791597102e-01,-3.157476070758175445e-06,-7.573450736567394334e-04,1.540554029362143140e+00,-3.786725368283697167e-04,7.505054813110766316e-05,8.051491904823503912e-05
9.376458819606534600e-01,-3.404425137849399121e-06,-7.258869251579916880e-04,1.647195849152958136e+00,-3.629434625789958440e-04,8.580063033814256106e-05,8.054352879492998097e-05
9.379793264421473209e-01,-3.640309207249089678e-06,-6.914483281644428830e-04,1.747205603731955437e+00,-3.457241640822214415e-04,9.653571728264369117e-05,8.057571809712492882e-05
9.383127709236411818e-01,-3.864323719418601738e-06,-6.543151925538909491e-04,1.840261348116401185e+00,-3.271575962769454745e-04,1.070924881779948654e-04,8.061142749631732159e-05
9.386462154051350426e-01,-4.075769044211503227e-06,-6.148416403674644357e-04,1.926101897487427994e+00,-3.074208201837322178e-04,1.173163434139155902e-04,8.065054598361772777e-05
9.389796598866287924e-01,-4.274390623631373778e-06,-5.733060212309201145e-04,2.004686230797362967e+00,-2.866530106154600572e-04,1.270845673853495241e-04,8.069292163129541604e-05
9.393131043681226533e-01,-4.459684625481038769e-06,-5.296259120476562963e-04,2.075827985011192922e+00,-2.648129560238281482e-04,1.362644994028193186e-04,8.073835827664480047e-05
9.396465488496165142e-01,-4.630182546214299492e-06,-4.838143843224714706e-04,2.138869230865300786e+00,-2.419071921612357353e-04,1.446666636635169918e-04,8.078659657729953263e-05
9.399799933311102640e-01,-4.784656511627203771e-06,-4.359475809875214443e-04,2.193277620050041676e+00,-2.179737904937607221e-04,1.521203143925140304e-04,8.083732025665681814e-05
9.403134378126041248e-01,-4.922142625063287544e-06,-3.861606487860778968e-04,2.238657723500772079e+00,-1.930803243930389484e-04,1.584803404873312419e-04,8.089016465161758267e-05
9.406468822940979857e-01,-5.041940967413263156e-06,-3.346477382726241695e-04,2.274751031397743262e+00,-1.673238691363120847e-04,1.636318126021095356e-04,8.094472677652659101e-05
9.409803267755918466e-01,-5.143615597115234504e-06,-2.816620038127924902e-04,2.301435953166175885e+00,-1.408310019063962451e-04,1.674934340283035087e-04,8.100057653778977595e-05
9.413137712570855964e-01,-5.226994550154614029e-06,-2.275156035833972041e-04,2.318727817476237352e+00,-1.137578017916986020e-04,1.700198170217550599e-04,8.105726870752027124e-05
9.416472157385794572e-01,-5.292169840064231133e-06,-1.725796995723624574e-04,2.326778872243058682e+00,-8.628984978618122869e-05,1.712025477240480744e-04,8.111435525227653968e-05
9.419806602200733181e-01,-5.339497457924161929e-06,-1.172844575788308885e-04,2.325878284626703429e+00,-5.864222878941544427e-05,1.710700443240018801e-04,8.117139761450528493e-05
9.423141047015671790e-01,-5.369505210791903866e-06,-6.197376654485594889e-05,2.316395927098306551e+00,-3.098688327242797444e-05,1.696780190640160559e-04,8.122797581359298823e-05
9.426475491830609288e-01,-5.381890723340996408e-06,-6.457708522904662758e-06,2.298250281277566920e+00,-3.228854261452331379e-06,1.670300626008650892e-04,8.128367106621080674e-05
9.429809936645547896e-01,-5.375918038857072044e-06,4.911333194099594618e-05,2.271166140449435211e+00,2.455666597049797309e-05,1.631164683132008695e-04,8.133806135241061883e-05
9.433144381460486505e-01,-5.351115357134552045e-06,1.045292755544465445e-04,2.235002588321335359e+00,5.226463777722327225e-05,1.579632501194436895e-04,8.139073332644177156e-05
9.436478826275425114e-01,-5.307285759573602772e-06,1.595702218712842491e-04,2.189754840699639882e+00,7.978511093564212456e-05,1.516320442940544415e-04,8.144129419482924585e-05
9.439813271090362612e-01,-5.244507209180159391e-06,2.140064492915464962e-04,2.135554245489696523e+00,1.070032246457732481e-04,1.442185799455141047e-04,8.148938308444095128e-05
9.443147715905301220e-01,-5.163132550565831856e-06,2.675984150615431543e-04,2.072668282695749209e+00,1.337992075307715772e-04,1.358499876277215819e-04,8.153468151312643220e-05
9.446482160720239829e-01,-5.063789509948031960e-06,3.200967552737476974e-04,2.001500564421050843e+00,1.600483776368738487e-04,1.266809856653915915e-04,8.157692258870675843e-05
9.449816605535177327e-01,-4.947380695149935222e-06,3.712422848668529602e-04,1.922590834867818010e+00,1.856211424334264801e-04,1.168890247961628021e-04,8.161589858897223056e-05
9.453151050350115936e-01,-4.815039856210526872e-06,4.207874526274181255e-04,1.836591575900733853e+00,2.103937263137090627e-04,1.066657953270914940e-04,8.165146570978820564e-05
9.456485495165054544e-01,-4.667156373430749291e-06,4.687508867155285681e-04,1.743761709183124342e+00,2.343754433577642841e-04,9.615553171416785650e-05,8.168352824120339389e-05
9.459819939979993153e-01,-4.503750449920339532e-06,5.149724901168301928e-04,1.644184368977640753e+00,2.574862450584150964e-04,8.548718770781374616e-05,8.171203347218298531e-05
9.463154384794930651e-01,-4.325107890394373383e-06,5.592236701138749485e-04,1.538076271680670626e+00,2.796118350569374742e-04,7.480932643280756441e-05,8.173697822924628239e-05
9.466488829609869260e-01,-4.131712091077933488e-06,6.012983112732312591e-04,1.425747285131635511e+00,3.006491556366156295e-04,6.428136740377164834e-05,8.175841249646995015e-05
9.469823274424807868e-01,-3.924244039706468498e-06,6.410127754453951191e-04,1.307600428613203913e+00,3.205063877226975596e-04,5.406922050034003972e-05,8.177644157966446048e-05
9.473157719239746477e-01,-3.703582315525558011e-06,6.782059017648505925e-04,1.184131872851150735e+00,3.391029508824252962e-04,4.434045466542978225e-05,8.179122665957956357e-05
9.476492164054683975e-01,-3.470803089291050221e-06,7.127390066500427068e-04,1.055930940014436548e+00,3.563695033250213534e-04,3.525908442905050460e-05,8.180298360670495603e-05
9.479826608869622584e-01,-3.227180123268748512e-06,7.444958838034229903e-04,9.236801037150330629e-01,3.722479419017114951e-04,2.698007656777315775e-05,8.181197996434676439e-05
9.483161053684561193e-01,-2.974041628672363369e-06,7.734210318215276655e-04,7.880807333634776146e-01,3.867105159107638327e-04,1.963999714894254463e-05,8.181852881301263395e-05
9.486495498499499801e-01,-2.712050323797922555e-06,7.995085264621422079e-04,6.494927263167510345e-01,3.997542632310711040e-04,1.333977742852297976e-05,8.182297688818052723e-05
9.489829943314437299e-01,-2.441945026070816965e-06,8.225535450182965089e-04,5.083219993455292407e-01,4.112767725091482545e-04,8.171048933283040866e-06,8.182570147935533953e-05
9.493164388129375908e-01,-2.164597766224602793e-06,8.423746756480249504e-04,3.650344758810947221e-01,4.211873378240124752e-04,4.213740313198508109e-06,8.182710652780922573e-05
9.496498832944314517e-01,-1.880983687372279748e-06,8.588331600962470589e-04,2.201397394770383542e-01,4.294165800481235295e-04,1.532487343139815365e-06,8.182761752725674798e-05
9.499833277759252015e-01,-1.592181045006026573e-06,8.718328936947964541e-04,7.419103380912106527e-02,4.359164468473982271e-04,1.740615495912228486e-07,8.182767556711990605e-05
9.503167722574190623e-01,-1.299371206996906270e-06,8.813204253624281129e-04,-7.221473732487471153e-02,4.406602126812140564e-04,1.649117771215249813e-07,8.182773055604191834e-05
9.506502167389129232e-01,-1.003838653595443362e-06,8.872849576047931071e-04,-2.184370100048527163e-01,4.436424788023965535e-04,1.508872163278650754e-06,8.182823368113804180e-05
9.509836612204067841e-01,-7.069709774312382715e-07,8.897583465144560597e-04,-3.637915601885977068e-01,4.448791732572280298e-04,4.185094210146216443e-06,8.182962917770694245e-05
9.513171057019005339e-01,-4.101934871403246054e-07,8.888263485938798945e-04,-5.075838398466664403e-01,4.444131742969399473e-04,8.147334995870283902e-06,8.183234586160020863e-05
9.516505501833943947e-01,-1.141669586784120858e-07,8.846396169835248156e-04,-6.495103486117153047e-01,4.423198084917624078e-04,1.334050131863655915e-05,8.183679417814526485e-05
9.519839946648882556e-01,1.799815702783505164e-07,8.770579875439964363e-04,-7.890223591735360253e-01,4.385289937719982181e-04,1.968695826800432618e-05,8.184335868573712675e-05
9.523174391463821165e-01,4.709283515523646335e-07,8.659353162589624548e-04,-9.254772489315747919e-01,4.329676581294812274e-04,2.708516551466737000e-05,8.185239008470833813e-05
9.526508836278758663e-01,7.574063615984762495e-07,8.511950607323918918e-04,-1.058269577113030158e+00,4.255975303661959459e-04,3.541543843380784640e-05,8.186419916721378233e-05
9.529843281093697271e-01,1.038205301504354682e-06,8.328302801885341649e-04,-1.186831084773029010e+00,4.164151400942670824e-04,4.454283194438163205e-05,8.187905172871574573e-05
9.533177725908635880e-01,1.312171596989922107e-06,8.109036354719480373e-04,-1.310630694794360451e+00,4.054518177359740187e-04,5.432011362486379878e-05,8.189716447083806379e-05
9.536512170723574489e-01,1.578208398407734722e-06,7.855473890474841620e-04,-1.429174511887655097e+00,3.927736945237420810e-04,6.459077933468245760e-05,8.191870190976259622e-05
9.539846615538511987e-01,1.835275580742804234e-06,7.569634050002983089e-04,-1.542005822591302255e+00,3.784817025001491544e-04,7.519206763073646817e-05,8.194377428976618526e-05
9.543181060353450595e-01,2.082389743612936250e-06,7.254231490358132011e-04,-1.648705095271600030e+00,3.627115745179066006e-04,8.595793232874434915e-05,8.197243648794182657e-05
9.546515505168389204e-01,2.318624481292402862e-06,6.912676534508004891e-04,-1.748890112149549259e+00,3.456338267254002445e-04,9.672195022278984127e-05,8.200468788848293365e-05
9.549849949983326702e-01,2.543760272814223539e-06,6.547040629634858638e-04,-1.842525801804845376e+00,3.273520314817429319e-04,1.073562063533605940e-04,8.204048522304556131e-05
9.553184394798265311e-01,2.756974691220686619e-06,6.156424602121020545e-04,-1.929260946810696264e+00,3.078212301060510273e-04,1.177014861082982712e-04,8.207973213405200385e-05
9.556518839613203919e-01,2.956746958346065772e-06,5.740692385258695969e-04,-2.008404319039095220e+00,2.870346192629347985e-04,1.275564116188365597e-04,8.212226511558544753e-05
9.559853284428142528e-01,3.141797959859211630e-06,5.300375281967729078e-04,-2.079391604139551042e+00,2.650187640983864539e-04,1.367327574624116189e-04,8.216785789900072810e-05
9.563187729243080026e-01,3.311090245263425156e-06,4.836671964795871193e-04,-2.141785401539035405e+00,2.418335982397935597e-04,1.450614145628652230e-04,8.221622782716440155e-05
9.566522174058018635e-01,3.463828027896674059e-06,4.351448475918160081e-04,-2.195275224442064133e+00,2.175724237959080040e-04,1.523975383867003455e-04,8.226704394533268733e-05
9.569856618872957243e-01,3.599457184931257372e-06,3.847238227137847488e-04,-2.239677499830572849e+00,1.923619113568923744e-04,1.586247585539415884e-04,8.231993649570079369e-05
9.573191063687895852e-01,3.717665257374034149e-06,3.327241999885784942e-04,-2.274935568464000468e+00,1.663620999942892471e-04,1.636583626368551801e-04,8.237450747357235453e-05
9.576525508502833350e-01,3.818381450066333680e-06,2.795327945220754434e-04,-2.301119684879264327e+00,1.397663972610377217e-04,1.674474025742856049e-04,8.243034188590123059e-05
9.579859953317771959e-01,3.901776631684087628e-06,2.256031583828761516e-04,-2.318427017390786826e+00,1.128015791914380758e-04,1.699757077840323362e-04,8.248701934764983673e-05
9.583194398132710567e-01,3.968210273710356419e-06,1.712625963002549294e-04,-2.327141643811181826e+00,8.563129815012746472e-05,1.712559367753889894e-04,8.254412369469064047e-05
9.586528842947649176e-01,4.017295991062361976e-06,1.163087737458041342e-04,-2.327139562675726747e+00,5.815438687290206711e-05,1.712556304711779632e-04,8.260122793959600814e-05
9.589863287762586674e-01,4.048125485700014556e-06,6.088527550613675467e-05,-2.318060084791153219e+00,3.044263775306837734e-05,1.699219086415029018e-04,8.265788746231741101e-05
9.593197732577525283e-01,4.060056989116367117e-06,5.186432168683910307e-06,-2.299677914518059030e+00,2.593216084341955154e-06,1.672376394121108086e-04,8.271365193027744103e-05
9.596532177392463892e-01,4.052734316837196923e-06,-5.057409048603138130e-05,-2.271910447927832255e+00,-2.528704524301569065e-05,1.632233990208440278e-04,8.276807787193160440e-05
9.599866622207401390e-01,4.026086868421063985e-06,-1.061632914844496886e-04,-2.234817772802655256e+00,-5.308164574222484430e-05,1.579371267913484461e-04,8.282074113528317281e-05
9.603201067022339998e-01,3.980329627459255160e-06,-1.613288346600306772e-04,-2.188602668635453607e+00,-8.066441733001533860e-05,1.514725193645133805e-04,8.287124881096323331e-05
9.606535511837278607e-01,3.915963161575840903e-06,-2.157990486531415454e-04,-2.133610606629968931e+00,-1.078995243265707727e-04,1.439561831670882290e-04,8.291925020581721614e-05
9.609869956652217216e-01,3.833773622427642226e-06,-2.692829269111319157e-04,-2.070329749700715372e+00,-1.346414634555659579e-04,1.355436091676908588e-04,8.296444647429594352e-05
9.613204401467154714e-01,3.734818788049366118e-06,-3.214783586677070668e-04,-1.999383393448569635e+00,-1.607391793338535334e-04,1.264131231849218687e-04,8.300659823261036544e-05
9.616538846282093322e-01,3.619529361467939882e-06,-3.723877741231535030e-04,-1.921058110734264579e+00,-1.861938870615767515e-04,1.167027270028337288e-04,8.304551211290473747e-05
9.619873291097031931e-01,3.487739236396433975e-06,-4.219122158192768193e-04,-1.835346149693645845e+00,-2.109561079096384096e-04,1.065211803386022520e-04,8.308103101265086165e-05
9.623207735911970540e-01,3.339578588648495635e-06,-4.698195303723714644e-04,-1.742393592461319196e+00,-2.349097651861857322e-04,9.600470791323901262e-05,8.311304325270195913e-05
9.626542180726908038e-01,3.175387523856424712e-06,-5.158961862417668631e-04,-1.642446474328008499e+00,-2.579480931208834316e-04,8.530656415821711712e-05,8.314148825575571385e-05
9.629876625541846646e-01,2.995716077470950051e-06,-5.599472737298884575e-04,-1.535850783740420944e+00,-2.799736368649442288e-04,7.459299541048100438e-05,8.316636087843344224e-05
9.633211070356785255e-01,2.801324214761557721e-06,-6.017965049821658204e-04,-1.423052462301446663e+00,-3.008982524910829102e-04,6.403859901266173752e-05,8.318771419587681092e-05
9.636545515171723864e-01,2.593181830816278403e-06,-6.412862139870938042e-04,-1.304597404770026614e+00,-3.206431069935469021e-04,5.382115587035658479e-05,8.320566056328939774e-05
9.639879959986661362e-01,2.372468750541812758e-06,-6.782773565762059784e-04,-1.181131459061229183e+00,-3.391386782881029892e-04,4.411603513367089098e-05,8.322037081175011331e-05
9.643214404801599970e-01,2.140474593573535048e-06,-7.126809326989809153e-04,-1.053348109488599471e+00,-3.563404663494904577e-04,3.508680637816375531e-05,8.323207031371015487e-05
9.646548849616538579e-01,1.897844147994090375e-06,-7.444887422916633213e-04,-9.216078783052379375e-01,-3.722443711458316607e-04,2.685915572983104359e-05,8.324102635096585455e-05
9.649883294431476077e-01,1.645170526577461280e-06,-7.734972732544242394e-04,-7.862536032413435239e-01,-3.867486366272121197e-04,1.954903379917244727e-05,8.324754486840471926e-05
9.653217739246414686e-01,1.383205385005558545e-06,-7.995132363754554102e-04,-6.477017795111330578e-01,-3.997566181877277051e-04,1.326631119291247586e-05,8.325196844666177861e-05
9.656552184061353294e-01,1.112828399353762631e-06,-8.223805699619761043e-04,-5.064254386313069567e-01,-4.111902849809880522e-04,8.110189947054042328e-06,8.325467274474349793e-05
9.659886628876291903e-01,8.350472660905901589e-07,-8.419804398402725874e-04,-3.629541484208723690e-01,-4.209902199201362937e-04,4.165849049729118697e-06,8.325606182411985625e-05
9.663221073691229401e-01,5.509977020778705175e-07,-8.582312393556835919e-04,-2.178740130012326581e-01,-4.291156196778417959e-04,1.501104287557524393e-06,8.325656235906068949e-05
9.666555518506168010e-01,2.619434445703666032e-07,-8.710885893726204830e-04,-7.182767279599611143e-02,-4.355442946863102415e-04,1.631486900809959782e-07,8.325661676009106862e-05
9.669889963321106618e-01,-3.072374878365809113e-08,-8.805453382745348414e-04,7.448569546873495817e-02,-4.402726691372674207e-04,1.754469223036444811e-07,8.325667526189909436e-05
9.673224408136045227e-01,-3.255745892721260037e-07,-8.866497749241965222e-04,2.203567216167243437e-01,-4.433248874620982611e-04,1.535509843847332138e-06,8.325718726918281934e-05
9.676558852950982725e-01,-6.218910344066958924e-07,-8.895116668287344304e-04,3.654406820994315352e-01,-4.447558334143672152e-04,4.223123535780438997e-06,8.325859544642049087e-05
9.679893297765921334e-01,-9.185915520955685441e-07,-8.889667989356943344e-04,5.091998340629927400e-01,-4.444833994678471672e-04,8.199294903028011631e-06,8.326132945605804411e-05
9.683227742580859942e-01,-1.214456437402623376e-06,-8.848595266741945920e-04,6.510328257397715035e-01,-4.424297633370972960e-04,1.340311591007298285e-05,8.326579865109309082e-05
9.686562187395798551e-01,-1.508280500288268623e-06,-8.770978242867594763e-04,7.903543366207503862e-01,-4.385489121433797381e-04,1.975348291781454799e-05,8.327238534096231641e-05
9.689896632210736049e-01,-1.798873065609245032e-06,-8.656532848293222110e-04,9.265950774554391201e-01,-4.328266424146611055e-04,2.715063412612968419e-05,8.328143857008072834e-05
9.693231077025674658e-01,-2.085057973119012857e-06,-8.505611201712082745e-04,1.059201790252053854e+00,-4.252805600856041372e-04,3.547785972764385911e-05,8.329326846662213281e-05
9.696565521840613266e-01,-2.365673577467170685e-06,-8.319201609951583842e-04,1.187637248277245483e+00,-4.159600804975791921e-04,4.460336457047369698e-05,8.330814121239420438e-05
9.699899966655550765e-01,-2.639572748199754013e-06,-8.098928567973225339e-04,1.311380256056241311e+00,-4.049464283986612670e-04,5.438226369668514953e-05,8.332627467811500532e-05
9.703234411470489373e-01,-2.905622869759499741e-06,-7.847052758872322380e-04,1.429925649372962848e+00,-3.923526379436161190e-04,6.465869169204508814e-05,8.334783476204033468e-05
9.706568856285427982e-01,-3.162771433057102357e-06,-7.566424971614222434e-04,1.542816638894603853e+00,-3.783212485807111217e-04,7.527116328941530572e-05,8.337293351605479556e-05
9.709903301100366591e-01,-3.410825013028187581e-06,-7.258342427934816798e-04,1.650018519317318244e+00,-3.629171213967408399e-04,8.609494189530306468e-05,8.340164139931432661e-05
9.713237745915304089e-01,-3.648541382530043006e-06,-6.921904224705585076e-04,1.750964151119565715e+00,-3.460952112352792538e-04,9.695149471291573441e-05,8.343396934019891426e-05
9.716572190730242697e-01,-3.874427234212267327e-06,-6.556756113702728612e-04,1.844967940429739883e+00,-3.278378056851364306e-04,1.076409811854507110e-04,8.346986163135778464e-05
9.719906635545181306e-01,-4.087197423789887115e-06,-6.163260579859059472e-04,1.931455432421766982e+00,-3.081630289929529736e-04,1.179694033329419504e-04,8.350919787788426069e-05
9.723241080360119915e-01,-4.285774970043674029e-06,-5.742496841263571104e-04,2.009963311315240642e+00,-2.871248420631785552e-04,1.277545157947393819e-04,8.355179691616192606e-05
9.726575525175057413e-01,-4.469291054820009716e-06,-5.296260849161687698e-04,2.080139400375367487e+00,-2.648130424580843849e-04,1.368311195280555491e-04,8.359742249786519081e-05
9.729909969989996021e-01,-4.637085023031119592e-06,-4.827065287954671133e-04,2.141742661913056178e+00,-2.413532643977335567e-04,1.450556251791684705e-04,8.364579049559082286e-05
9.733244414804934630e-01,-4.788704382654711158e-06,-4.338139575200506770e-04,2.194643197284778413e+00,-2.169069787600253385e-04,1.523097994858521359e-04,8.369657735770680241e-05
9.736578859619873239e-01,-4.923904804734222183e-06,-3.833429861613319605e-04,2.238822246892664403e+00,-1.916714930806659803e-04,1.585036354117819982e-04,8.374942952023157051e-05
9.739913304434810737e-01,-5.042650123378717361e-06,-3.317599031063690859e-04,2.274372190184467346e+00,-1.658799515531845430e-04,1.635773140556247231e-04,8.380397347290100040e-05
9.743247749249749345e-01,-5.144920428492463744e-06,-2.792282772373979325e-04,2.301374787372525432e+00,-1.396141386186989662e-04,1.674845311234285470e-04,8.385982026553969360e-05
9.746582194064687954e-01,-5.229936298916975696e-06,-2.256046179593039979e-04,2.319512897142554042e+00,-1.128023089796519990e-04,1.701349678359417687e-04,8.391655083167371787e-05
9.749916638879625452e-01,-5.296855626846348359e-06,-1.710857164744570126e-04,2.328461624618310299e+00,-8.554285823722850631e-05,1.714502684445316522e-04,8.397371997753717420e-05
9.753251083694564061e-01,-5.345090286795223746e-06,-1.158838310118897555e-04,2.328023576930867922e+00,-5.794191550594487777e-05,1.713857654883288928e-04,8.403086761524584914e-05
9.756585528509502669e-01,-5.374306251566336670e-06,-6.022526250328675375e-05,2.318128822251093180e+00,-3.011263125164337687e-05,1.699319861831838721e-04,8.408753049826792362e-05
9.759919973324441278e-01,-5.384423592250612157e-06,-4.350354582911396956e-06,2.298834889789660441e+00,-2.175177291455698478e-06,1.671150486587206498e-04,8.414325408901775401e-05
9.763254418139378776e-01,-5.375616478227144265e-06,5.148650641235671174e-05,2.270326769797059274e+00,2.574325320617835587e-05,1.629959224194974269e-04,8.419760417985452331e-05
9.766588862954317385e-01,-5.348313177163175758e-06,1.070168914430971621e-04,2.232916913563551375e+00,5.350844572154858105e-05,1.576685692619633826e-04,8.425017789417995197e-05
9.769923307769255993e-01,-5.303189305936477889e-06,1.619664961655728345e-04,2.187041259462953136e+00,8.098324808278641723e-05,1.512564671610340354e-04,8.430061352844505111e-05
9.773257752584194602e-01,-5.240619806534839807e-06,2.162696760419222574e-04,2.132969317430656986e+00,1.081348380209611287e-04,1.438696597204673026e-04,8.434858607253323628e-05
9.776592197399132100e-01,-5.160334252204372650e-06,2.697701285053184339e-04,2.070652557528947835e+00,1.348850642526592169e-04,1.355858806456885851e-04,8.439379643620301531e-05
9.779926642214070709e-01,-5.062225661607455836e-06,3.222295195632075555e-04,2.000127257171837147e+00,1.611147597816037778e-04,1.265072038193105640e-04,8.443597956518577512e-05
9.783261087029009317e-01,-4.946422126293238347e-06,3.734205969079661559e-04,1.921543425811129913e+00,1.867102984539830779e-04,1.167616994480292017e-04,8.447491310951655110e-05
9.786595531843947926e-01,-4.813286810697530307e-06,4.231271899169726405e-04,1.835164804936345373e+00,2.115635949584863203e-04,1.065001313356440205e-04,8.451042499058878451e-05
9.789929976658885424e-01,-4.663417952142886842e-06,4.711442096525737854e-04,1.741368868074767207e+00,2.355721048262868927e-04,9.589181787846339444e-05,8.454239958808076828e-05
9.793264421473824033e-01,-4.497648860838398013e-06,5.172776488621479455e-04,1.640646820791316074e+00,2.586388244310739728e-04,8.511972318171860685e-05,8.457078229004198831e-05
9.796598866288762641e-01,-4.317047919879988666e-06,5.613445819780090492e-04,1.533603600688739022e+00,2.806722909890045246e-04,7.437487332849302215e-05,8.459558218111517776e-05
9.799933311103700140e-01,-4.122818108692628774e-06,6.032098304045238482e-04,1.420904973743514876e+00,3.016049152022619241e-04,6.384546714033822144e-05,8.461687109980152173e-05
9.803267755918638748e-01,-3.915474155717197605e-06,6.428543806183692824e-04,1.302860143238199875e+00,3.214271903091846412e-04,5.367790988816207649e-05,8.463476970263184788e-05
9.806602200733577357e-01,-3.695414658864820464e-06,6.800663695616489734e-04,1.179729024881899901e+00,3.400331847808244867e-04,4.401133365609307286e-05,8.464944503896265442e-05
9.809936645548515965e-01,-3.463224739890341950e-06,7.146368159406525471e-04,1.051859988719626493e+00,3.573184079703262735e-04,3.498773842048837258e-05,8.466111150725891960e-05
9.813271090363453464e-01,-3.219651227348980180e-06,7.463882976008793342e-04,9.196754242716965733e-01,3.731941488004396671e-04,2.674663571333231148e-05,8.467003002533605939e-05
9.816605535178392072e-01,-2.965602656595997296e-06,7.751749515270803291e-04,7.836717405335562603e-01,3.875874757635401646e-04,1.942085619635920357e-05,8.467650580266061994e-05
9.819939979993330681e-01,-2.702149269787186504e-06,8.008824738431942220e-04,6.444193659760442117e-01,4.004412369215971110e-04,1.313219027145310608e-05,8.468088465903656013e-05
9.823274424808269289e-01,-2.430523015878551904e-06,8.234281198123908751e-04,5.025627485452170973e-01,4.117140599061954375e-04,7.986943063433423970e-06,8.468354786112506673e-05
9.826608869623206788e-01,-2.152117550626480004e-06,8.427607038370543008e-04,3.588203556624407486e-01,4.213803519185271504e-04,4.071497239456984167e-06,8.468490547941097835e-05
9.829943314438145396e-01,-1.868301316582438996e-06,8.588981473175337977e-04,2.138887474794936849e-01,4.294490736587668988e-04,1.446691316027912808e-06,8.468538787064674024e-05
9.833277759253084005e-01,-1.579783456710723130e-06,8.718672826126989961e-04,6.812862117289886221e-02,4.359336413063494980e-04,1.467774029265102543e-07,8.468543681276176295e-05
9.836612204068022614e-01,-1.287557380721628179e-06,8.814797915337920777e-04,-7.794895794631212516e-02,4.407398957668960389e-04,1.921412569632614074e-07,8.468550088120355829e-05
9.839946648882960112e-01,-9.926992013208717525e-07,8.875833161559852375e-04,-2.237989402049141985e-01,4.437916580779926188e-04,1.583857302213489893e-06,8.468602900968044949e-05
9.843281093697898720e-01,-6.963251772396461250e-07,8.900788458669984995e-04,-3.688646735035333579e-01,4.450394229334992497e-04,4.302631267098270352e-06,8.468746369833237363e-05
9.846615538512837329e-01,-3.995917132352069280e-07,8.889207173670887665e-04,-5.125779033163553322e-01,4.444603586835443832e-04,8.308445215851199662e-06,8.469023410353940066e-05
9.849949983327774827e-01,-1.036953600905796507e-07,8.841166146690602285e-04,-6.543587726912739599e-01,4.420583073345301143e-04,1.354041135575777155e-05,8.469474907898312684e-05
9.853284428142713436e-01,1.901271853857370325e-07,8.757275690982547134e-04,-7.936158222500293569e-01,4.378637845491273567e-04,1.991684921469085410e-05,8.470139024244251473e-05
9.856618872957652044e-01,4.805990803591785509e-07,8.638679592925613358e-04,-9.297459901879256972e-01,4.319339796462806679e-04,2.733560108142113257e-05,8.471050514777143860e-05
9.859953317772590653e-01,7.664033359695095784e-07,8.487055112024109683e-04,-1.062134612274020284e+00,4.243527556012054842e-04,3.567460089922700796e-05,8.472240064657077620e-05
9.863287762587528151e-01,1.046786870204176756e-06,8.304379746669599384e-04,-1.190454907490281045e+00,4.152189873334799692e-04,4.481525783198411951e-05,8.473734404698157654e-05
9.866622207402466760e-01,1.320982416676223555e-06,8.090312124270347162e-04,-1.314363429485950974e+00,4.045156062135173581e-04,5.462996644886916321e-05,8.475556010781815574e-05
9.869956652217405368e-01,1.587495522418589603e-06,7.843814326858920090e-04,-1.433154151643059482e+00,3.921907163429460045e-04,6.495099555117413897e-05,8.477721765885222341e-05
9.873291097032343977e-01,1.844972103739991741e-06,7.564551027444707618e-04,-1.546199186988354235e+00,3.782275513722353809e-04,7.560158160546060695e-05,8.480242658903076121e-05
9.876625541847281475e-01,2.092200748833956261e-06,7.252891052815569652e-04,-1.652949944949164474e+00,3.626445526407784826e-04,8.640112647040501883e-05,8.483123656784716802e-05
9.879959986662220084e-01,2.328112717779144596e-06,6.909907383537414790e-04,-1.752937131353539790e+00,3.454953691768707395e-04,9.717010701439680799e-05,8.486363740379728197e-05
9.883294431477158692e-01,2.551781942538860127e-06,6.537377153954816158e-04,-1.845770748430037411e+00,3.268688576977408079e-04,1.077346780351532329e-04,8.489956093765361415e-05
9.886628876292097301e-01,2.762425026961381075e-06,6.137781652190610251e-04,-1.931140094807866969e+00,3.068890826095305125e-04,1.179308861061860843e-04,8.493888434082339520e-05
9.889963321107034799e-01,2.959401246779810782e-06,5.714306320146145214e-04,-2.008813765516828553e+00,2.857153160073072607e-04,1.276084258937285434e-04,8.498143466622977231e-05
9.893297765921973408e-01,3.142212549612339447e-06,5.270840753500697544e-04,-2.078639651987412851e+00,2.635420376750348772e-04,1.366338844067313801e-04,8.502699448097025207e-05
9.896632210736912016e-01,3.310579576889797668e-06,4.810264134594316888e-04,-2.140570958256229783e+00,2.405132067297158444e-04,1.448969546553359195e-04,8.507530957088534583e-05
9.899966655551849515e-01,3.463897657209252143e-06,4.331142418100869963e-04,-2.194371781457223225e+00,2.165571209050434981e-04,1.522721289122775355e-04,8.512608387195646977e-05
9.903301100366788123e-01,3.600998909421765740e-06,3.834587093706828408e-04,-2.239544553709093222e+00,1.917293546853414204e-04,1.586059273422879242e-04,8.517897014316095858e-05
9.906635545181726732e-01,3.720937863086731141e-06,3.322210565819232859e-04,-2.275706935924526331e+00,1.661105282909616429e-04,1.637693654623371205e-04,8.523357813431214056e-05
9.909969989996665340e-01,3.823017254928688388e-06,2.795940598851963908e-04,-2.302603385284806237e+00,1.397970299425981954e-04,1.676634033977503137e-04,8.528948457092359143e-05
9.913304434811602839e-01,3.906788028837243575e-06,2.258020317226078753e-04,-2.320105155239786221e+00,1.129010158613039376e-04,1.702218625256206644e-04,8.534624411161235904e-05
9.916638879626541447e-01,3.972049335867176415e-06,1.711008205369092365e-04,-2.328210295507913585e+00,8.555041026845461825e-05,1.714132584999010435e-04,8.540340091671403430e-05
9.919973324441480056e-01,4.018848534238273379e-06,1.157778107716053565e-04,-2.327043652076190572e+00,5.788890538580267827e-05,1.712415145221548717e-04,8.546050045473407560e-05
9.923307769256418664e-01,4.047481189335442043e-06,6.015192287088289057e-05,-2.316856867200204118e+00,3.007596143544144529e-05,1.697455543105891643e-04,8.551710117307706536e-05
9.926642214071356163e-01,4.058429590286359764e-06,4.481576735329802013e-06,-2.297990939257087195e+00,2.240788367664901007e-06,1.669923682990724222e-04,8.557278385673798159e-05
9.929976658886294771e-01,4.051518521982447086e-06,-5.123526209912763216e-05,-2.270439554354624079e+00,-2.561763104956381608e-05,1.630121173389798451e-04,8.562713934768128741e-05
9.933311103701233380e-01,4.026154784376004675e-06,-1.067971588370804793e-04,-2.234001057892926578e+00,-5.339857941854023963e-05,1.578217115318386219e-04,8.567976412645148942e-05
9.936645548516171988e-01,3.981995531483204493e-06,-1.619781364334309996e-04,-2.188598553356363663e+00,-8.098906821671549982e-05,1.514719497306419498e-04,8.573027161219027973e-05
9.939979993331109487e-01,3.918963983174522229e-06,-2.165484760148561681e-04,-2.134286219499316850e+00,-1.082742380074280841e-04,1.440473657364464298e-04,8.577830341136881485e-05
9.943314438146048095e-01,3.837249425174644123e-06,-2.702747168798800377e-04,-2.071249310346106043e+00,-1.351373584399400188e-04,1.356640423972381123e-04,8.582353983764331854e-05
9.946648882960986704e-01,3.737307209062593180e-06,-3.229196564987644926e-04,-1.999804155191097887e+00,-1.614598282493822463e-04,1.264663349930707096e-04,8.586570933914150733e-05
9.949983327775924202e-01,3.619858752271693589e-06,-3.742423505135659251e-04,-1.920398158598662919e+00,-1.871211752567829626e-04,1.166225576584178659e-04,8.590459648741040485e-05
9.953317772590862811e-01,3.485891538089425036e-06,-4.239981127381843226e-04,-1.833609800403084522e+00,-2.119990563690921613e-04,1.063197246239034797e-04,8.594004821286018445e-05
9.956652217405801419e-01,3.336496831983174638e-06,-4.720040481278349855e-04,-1.740062780407827470e+00,-2.360020240639174927e-04,9.574802737591990944e-05,8.597197486420262195e-05
9.959986662220740028e-01,3.171895156247026861e-06,-5.182596315687384688e-04,-1.639929222450590807e+00,-2.591298157843692344e-04,8.504527886726431926e-05,8.600033274311801501e-05
9.963321107035677526e-01,2.992272116274224156e-06,-5.625419660898640928e-04,-1.533375395287227105e+00,-2.812709830449320464e-04,7.435274051004950172e-05,8.602512525412502823e-05
9.966655551850616135e-01,2.798032368121891676e-06,-6.046272608045618084e-04,-1.420672987279196775e+00,-3.023136304022809042e-04,6.382462116490205761e-05,8.604640722183589177e-05
9.969989996665554743e-01,2.589772747030886309e-06,-6.443172467952342506e-04,-1.302183796023200557e+00,-3.221586233976171253e-04,5.362219326860449885e-05,8.606428724626690092e-05
9.973324441480493352e-01,2.368282267425565016e-06,-6.814391771133969117e-04,-1.178359728351039859e+00,-3.407195885566984559e-04,4.390922615332907143e-05,8.607892853541439476e-05
9.976658886295430850e-01,2.134542122913921203e-06,-7.158458267796515787e-04,-1.049742800329696024e+00,-3.579229133898257894e-04,3.484703322305217148e-05,8.609054808633904727e-05
9.979993331110369459e-01,1.889725686287266872e-06,-7.474154927837315440e-04,-9.169651372611542506e-01,-3.737077463918657720e-04,2.658922312683942884e-05,8.609941411605789570e-05
9.983327775925308067e-01,1.635198509520703997e-06,-7.760519940844328671e-04,-7.807489736826647153e-01,-3.880259970422164336e-04,1.927626304244507767e-05,8.610584167959321267e-05
9.986662220740246676e-01,1.372065922526464018e-06,-8.016783946720120900e-04,-6.416803638245491825e-01,-4.008391973360060450e-04,1.302079493222241281e-05,8.611018339180802003e-05
9.989996665555184174e-01,1.100913532430895908e-06,-8.241882361033104091e-04,-5.000818094628707300e-01,-4.120941180516552046e-04,7.908281404433759686e-06,8.611282036460044778e-05
9.993331110370122783e-01,8.227862450160877582e-07,-8.434758628422716958e-04,-3.565006006175528985e-01,-4.217379314211358479e-04,4.019023371714574939e-06,8.611416048576472861e-05
9.996665555185061391e-01,5.387685344319802672e-07,-8.594628506285918344e-04,-2.114969284002944372e-01,-4.297314253142959172e-04,1.414516861886742737e-06,8.611463214860629750e-05
1.000000000000000000e+00,2.499779200052186670e-07,-8.720980995363350908e-04,-6.564061148393784961e-02,-4.360490497681675454e-04,1.362527373942189487e-07,8.611467758132966327e-05
